-3.87615	-20.0706
-7.54386	-8.62482
-8.23773	0.53919
7.82254	8.37688
7.74892	5.1094
1.06188	-10.2022
-4.5657	6.82975
1.83106	2.408
13.6243	-0.338433
2.86337	-2.69368
-1.08497	1.15199
-5.99183	-2.70434
-7.68504	2.45399
4.75425	3.16493
-1.1784	-3.06922
-2.10202	2.42017
-0.123641	0.235583
0.570409	-10.1949
-11.3974	-20.9581
-18.5015	-15.7583
-13.9373	-19.759
-18.4037	-2.07859
-3.17324	-27.293
-28.9091	4.77618
10.7136	-10.8482
-14.5843	-1.23167
-4.0937	-8.17664
-4.95032	-12.5329
-10.6168	8.81633
10.6139	-15.6958
-17.9496	-10.3771
-7.95354	-3.38676
-4.79527	-5.11962
-8.41543	2.29138
2.42494	0.232123
-4.50751	-0.0536932
1.15528	0.377076
0.685938	-21.2455
-22.4951	-16.809
-16.0688	-11.8918
-14.3072	-32.0366
-34.8194	-0.276205
-13.3288	5.1045
-7.67417	-6.91156
0.0849408	-6.71883
-2.47952	-12.2045
-14.9467	-9.27338
-6.41246	-7.14854
0.717918	2.32652
-1.49019	-4.67362
-6.56098	-5.49537
-4.52496	-3.13356
-14.2684	0.232329
-0.887521	1.15892
3.0457	-4.97183
-7.03663	4.42906
2.69948	1.56519
1.43191	-12.6337
-13.8659	-13.0703
-12.9603	-8.45402
-2.58756	-25.2739
-23.0966	-4.21001
-5.89273	0.733226
6.44761	-7.00386
-8.33563	-11.1007
-7.00769	2.60107
-2.2667	-9.54322
-9.34027	1.40441
3.51891	-7.14991
-9.35821	-2.76955
-0.24512	0.11917
-2.05577	-8.95084
-10.6091	2.75107
-1.25812	-6.02736
-4.81661	0.522268
0.490942	-1.38325
-1.03439	-1.54315
-0.760084	-19.2587
-15.1127	-9.18769
-10.7942	-3.66703
-12.2861	-24.7127
-22.7253	-8.48252
-9.52477	-16.8409
-14.1894	-9.35315
-2.79609	-12.4652
-8.81861	-13.0575
-11.0151	-1.10229
-6.79231	2.69
-4.23176	2.48664
5.99638	-0.410985
-5.17884	0.408216
-1.5995	-9.10056
-1.14771	-1.55275
-6.00573	0.966417
-4.18355	-0.00452836
1.31697	-0.0651016
-2.05869	1.76902
1.28917	-23.5446
-17.1781	-19.1118
-20.0351	-5.26931
-7.06591	-26.781
-21.183	-5.07823
-8.04338	-11.6235
-7.09077	-3.82526
-6.86566	-5.76372
-11.932	1.79457
-15.4157	-7.77082
5.80361	7.5261
15.1811	-2.14798
4.68895	5.13118
-10.4963	4.85052
-11.4909	-5.13015
-10.9392	-5.78665
-9.16903	-1.67291
4.77426	-2.42091
0.824116	-2.27974
-2.90297	1.16474
-1.78985	-33.3082
-27.44	-13.7185
-11.4813	9.87305
10.5637	0.0269733
4.12313	6.08791
-7.7764	10.1648
7.84285	0.293353
-1.40915	-19.4717
-24.143	1.77844
-1.27967	-5.06172
-6.71019	3.79932
-2.26331	0.920814
9.01669	-9.93183
-7.53457	2.22711
1.92444	-7.7795
-5.73424	-1.53095
0.362999	-0.10551
-0.116163	-2.00084
-5.46163	1.75072
1.15704	-1.74543
-1.21227	-18.7433
-17.0622	-31.7615
-32.4198	-2.95258
-5.36931	2.4985
1.36745	-9.56298
-8.89491	-10.0143
-12.7857	-2.84504
-13.6409	-2.3854
-3.70259	0.281982
-0.583884	-5.64583
-4.09122	0.283236
-9.05926	-11.7102
-2.57191	-9.70991
0.950579	2.50615
5.88198	-1.25916
4.08968	3.29427
-3.86599	-2.89519
0.818551	-3.40416
-3.75346	0.428549
0.429436	-4.07384
-0.3092	-16.3384
-18.5807	-25.3197
-28.1748	-7.12887
0.916307	-3.14492
-0.398433	-6.14831
-9.91552	-10.7133
-5.58735	2.61245
-4.36595	-18.736
-14.3724	2.88791
2.88361	4.43155
-0.629647	-0.279025
-0.834392	-17.8843
-4.80127	-6.70499
-3.71482	-5.60033
-3.15588	0.291755
-2.38558	-8.52144
2.4469	2.80508
1.5349	4.85912
-0.745076	0.54195
0.709702	-0.9316
-0.0417976	-28.3634
-27.0617	-7.35277
-14.2541	5.30322
10.587	-2.18621
-8.60554	-0.198741
-0.0507653	-6.07214
-9.05174	-3.0735
-2.2124	-3.39903
-3.47127	0.757484
2.09692	-0.803835
-1.36788	8.65951
-8.25491	6.42047
3.04887	10.8147
3.82838	4.61705
1.82624	-2.01523
-10.6737	0.872593
-0.359123	-2.49124
-6.09745	0.324675
0.623654	0.692086
0.800642	-2.20688
0.860006	0.0118906
-0.490641	0.847241
-0.325062	-18.1757
-20.78	-22.4285
-22.0211	-8.68449
-2.18258	-14.0729
-18.4111	8.48911
9.6687	3.72819
6.15398	-7.27125
-6.24422	-3.94526
-2.86826	-10.8994
-11.4526	-14.949
-14.0997	2.08823
-1.36507	-6.60252
-7.19177	0.993527
2.76285	-9.76957
-10.4322	-2.5484
-4.98535	-2.06728
1.43632	-3.25822
-2.69701	2.63425
1.06356	0.57149
1.2771	-1.58897
-1.16237	-21.8619
-17.4187	-17.7247
-21.715	-19.0127
-22.325	-10.7931
-14.6	-8.74999
-7.80325	-16.6643
-9.05205	9.79073
5.38032	-16.0702
-18.781	3.32502
-13.5976	-5.42759
1.6037	0.422119
-5.80611	-6.12404
9.50844	-3.78643
-2.90753	-6.9419
-4.5506	4.87309
3.26979	-2.49893
-0.375939	1.6737
2.69165	-0.718601
0.89717	2.14323
1.29445	-1.04352
-1.32425	-29.3321
-28.1618	-29.3307
-31.1435	-5.23009
-2.74502	-11.9355
-9.30106	-4.08003
-3.95158	-4.63671
-2.67854	8.56339
12.4916	-21.3577
-14.0927	-7.18912
-11.649	7.07359
12.6937	-3.99057
-5.4557	5.30226
11.8189	-2.19252
0.380065	-5.00311
-13.6349	-3.4103
-3.86897	-7.35334
-9.50862	-6.30672
-4.60084	0.602754
-0.614836	-0.358955
1.85266	0.709296
0.22233	-12.9467
-12.0856	-11.6188
-13.8674	-6.21588
-11.4848	-19.5806
-31.2405	-11.1014
-9.30544	-11.5711
-7.58854	2.33162
-7.13939	-7.86508
-10.0492	-1.67694
-4.32187	0.419331
-2.94974	-8.40839
-1.69593	15.1205
5.96931	-6.76299
-7.35057	-4.8959
-4.17423	-4.42152
-2.91247	-1.80917
-0.381086	3.36842
-1.39487	-3.37357
-4.48692	0.261344
2.83611	-1.65188
0.280722	-23.1123
-16.799	-8.84166
-24.1459	-9.82575
-12.7838	-17.1418
-18.1403	-17.3737
-15.6054	4.10951
3.05543	13.4878
10.2114	-13.8815
-17.4782	-12.9743
-4.88296	2.41462
2.4193	-1.60191
-0.0468226	7.29058
1.19149	3.63089
-13.151	1.11769
1.42706	-4.38885
-6.35984	-3.05833
-2.0622	-2.65405
-0.641027	-2.50987
-3.3012	-0.341855
3.53605	-3.6739
-1.73968	-33.8541
-36.7319	-3.72707
8.38259	-9.34389
-5.50038	4.71352
-2.3672	6.02334
0.00609553	5.33658
4.80496	-1.87165
-7.04792	-22.1464
-18.6842	7.45381
3.82098	-20.9429
-19.0367	0.370723
-2.84355	0.970595
2.83521	-9.01496
-17.9105	5.0057
0.150797	-6.76714
-16.2766	-3.89149
-4.11557	-3.03484
-1.69057	0.459236
0.929489	1.49211
1.67413	1.17535
-1.29799	-23.7128
-22.5627	-5.79258
-13.326	-5.36308
-6.0018	-18.8268
-19.283	-6.90845
-4.8636	-2.66997
-13.1922	-4.70762
1.09846	-17.7132
-10.879	-0.720172
-11.3023	-3.3661
-3.05128	-0.738555
-1.33373	-3.79165
6.61205	2.41839
0.175625	1.27989
-3.16902	-7.24828
-3.24118	-9.50987
-5.50818	-3.65289
-1.9164	-7.22391
-7.32988	0.129115
-0.509393	-0.545982
-1.82716	-7.68849
-12.2368	-5.74107
-7.72769	-1.42599
2.15051	-11.5105
-16.9664	-10.3664
-8.19029	-0.749869
0.564916	5.68297
-5.9329	-11.6676
-12.8619	-7.63165
-16.1755	-6.40666
-10.8598	3.27685
-6.13862	-0.211972
6.17276	-4.37254
-2.25075	-8.41918
-3.49391	-12.1528
-10.1041	-1.08944
1.68643	-3.83044
1.17922	1.36415
1.4977	-2.19122
3.92702	-2.13093
0.413965	-26.6497
-23.2929	-20.6272
-8.05439	11.4698
0.426731	-12.2548
-10.7854	2.14646
-0.00167513	-7.61195
-9.02573	-12.0495
-10.5871	-17.7594
-16.9855	0.595204
-1.71159	-2.72046
-2.7512	-1.01783
-5.31339	-2.86087
-4.74234	0.40437
-1.07298	-10.2401
-4.63247	-4.29982
-5.39015	2.05133
-0.952761	2.78385
0.153302	4.04378
0.658416	3.37738
3.73174	3.37635
0.312725	-18.0692
-18.4118	-7.92306
-5.171	-0.615655
5.89299	-5.00928
-3.45379	-0.400233
-3.69284	0.591014
0.582043	-4.01065
-6.52352	7.75803
-3.40304	-5.23992
-3.05554	-1.08396
-3.35726	2.68562
14.3178	7.1459
3.05721	-1.73296
-8.85381	8.13302
1.15289	-10.3285
-12.7624	-3.64219
-2.77035	0.623012
-0.221152	-0.940912
-1.33117	0.302179
-0.391215	-0.992122
-0.487194	-24.5675
-31.5218	-4.6463
-3.23185	-4.03527
-1.36402	-8.03662
-3.06773	-2.21731
-3.47892	-0.332565
-0.0870493	-1.62144
6.22404	-3.91474
-8.79796	2.31978
5.12781	-4.92211
-2.35594	-9.21117
-8.59853	8.86334
-6.04685	-9.26037
-9.78298	-6.8621
-3.50837	0.0264506
-0.443836	2.15574
2.84323	2.36858
-0.556801	5.62026
-4.86254	1.58997
-0.195335	1.75415
1.53384	-34.3771
-35.685	-7.12862
-5.46603	-1.99254
-18.9182	-24.1931
-31.8859	-12.1356
-13.0602	-6.53184
-3.67785	-7.05793
-7.76997	-16.8446
-22.6819	0.54019
1.79905	1.1044
6.36705	-10.6203
-8.75382	7.93438
8.63511	-0.120609
-1.24745	-0.422121
-1.3262	-3.34898
-8.21068	-3.82356
-0.859168	-1.6753
-1.4471	-2.76041
-3.24491	-0.188406
-0.587717	0.799067
0.265974	-11.5678
-16.4256	-12.3408
-12.8955	-5.8645
-10.8119	-6.29904
-4.18429	-9.88326
3.3672	-13.8005
-19.4302	1.19368
4.68401	-3.01139
-4.9651	-7.62662
-11.0677	2.32798
-3.26701	-10.5765
-5.26982	3.85755
-2.6948	-9.49044
3.11804	-1.24011
-12.4089	-6.27451
-9.21036	-2.69267
-3.44804	-4.93712
-3.07193	5.30611
-0.175677	-0.566431
2.31128	0.39068
0.0936686	-29.4701
-23.9256	-0.927935
-1.72609	-6.50495
-13.0514	-33.4643
-33.9305	-3.6144
-0.859462	-5.2331
-0.636837	-7.00033
-4.24122	-1.12916
-11.7628	-3.92168
-12.0955	-2.72321
-12.1405	-3.56451
-4.52394	0.274808
1.85951	-2.52333
-0.39889	-5.40184
-6.18663	-2.82611
1.75766	-6.1614
-6.93778	-1.12978
-1.47209	0.383001
-3.62913	-0.757706
1.71847	-2.41791
-0.711602	-22.5249
-17.3853	-13.6114
-26.9223	-6.67663
-5.91215	-17.2242
-18.584	3.28728
4.32568	-2.75532
-4.55676	-11.0006
-6.6679	-6.49633
-4.48525	-7.36528
-4.1563	-3.05708
-4.8897	1.07145
2.85769	-2.95439
-1.76824	3.28987
5.00229	-5.01878
-6.68814	1.04374
8.17942	-4.48949
-6.96076	0.025939
1.74185	-4.28447
-5.31107	3.13725
0.237826	-0.45457
-0.840455	-13.1244
-14.1468	-6.832
-2.88476	-8.29912
-3.08919	-7.98205
1.13017	-4.00666
0.226082	9.0335
8.70958	-8.67075
-1.4708	0.728991
2.32502	5.8157
0.965375	-1.8245
2.01972	-6.90319
7.1366	0.71439
9.15952	3.94156
1.62495	-5.13718
-7.37676	0.535543
-2.13066	-0.8423
-0.560011	-0.230199
-0.0779533	-2.28769
-0.781575	1.89519
2.01919	-0.582423
-1.32757	-19.3261
-14.3078	-24.3909
-30.7599	4.33266
2.25804	-12.1605
-10.1139	-19.0516
-15.7384	-17.7125
-19.8625	-19.8128
-17.6198	-32.5012
-25.1255	-8.26458
-25.1266	-4.42373
-8.70916	10.9221
15.9193	12.3271
0.618998	2.3839
10.5599	8.6059
-0.178822	-0.184659
-1.32448	3.29732
6.79676	1.39557
-4.04685	-2.57356
2.60014	0.573049
-0.49794	-11.4407
-3.80401	3.03388
-0.724196	-2.75728
5.85452	-1.91667
-0.884459	5.80483
1.57142	-2.96524
-0.388613	1.62698
2.51451	7.11773
11.9288	2.6398
-10.803	1.96741
-14.046	0.598485
-4.25845	-8.48348
-8.08379	-5.82594
-5.05602	0.340441
0.876129	-3.06447
1.79897	1.71162
1.05622	-0.720643
-1.31233	-15.8564
-16.1836	1.02572
4.42598	-10.633
-8.86094	-22.7967
-25.529	-9.95149
-1.40572	-11.6575
-13.1212	-0.654772
-3.49578	0.61768
-0.567976	-7.74206
-10.4106	-4.65942
1.80629	-6.63106
-0.580505	-12.0346
9.59697	0.17402
1.83284	-2.96729
1.31135	-12.2691
-8.08859	0.562225
-5.07904	1.2336
2.01517	-0.840979
-1.19614	1.50174
1.84982	0.318118
-0.240502	-19.1774
-16.9846	-13.8256
-16.5869	-7.32683
-3.90995	-29.0282
-29.3692	-8.72906
-3.28893	-23.7095
-27.749	-0.605092
-0.438338	-5.77214
-5.94595	-11.4903
-8.86269	5.14833
3.69519	-16.4472
-7.75443	13.269
11.574	0.687943
2.14096	-5.2955
0.189216	-2.68091
-3.59988	5.71769
-0.467675	3.56169
1.00881	-0.567708
-4.84041	-2.02009
-1.12247	-0.702258
0.516189	-26.8436
-20.379	-17.4066
-24.3091	-7.97861
-6.25893	-20.4574
-15.4478	3.65404
7.87615	-3.22665
-1.36263	-6.0845
-5.68429	-5.3067
-16.0788	-2.31173
-1.11172	-3.99574
-7.58038	-11.4216
-2.14022	5.37929
-0.903745	-2.4719
-7.0837	3.56644
5.0546	2.00401
-5.41763	2.46342
-1.68548	-1.75818
-3.56875	0.268257
3.28197	3.76316
2.98329	1.05929
1.41379	-22.2064
-13.2503	0.839012
-4.74463	-0.0035737
-0.305123	-17.9266
-26.5056	-4.3094
-3.29529	-7.4591
1.28979	-7.00149
-6.50632	-6.38457
-12.2058	-10.7141
-11.5746	4.50003
12.3362	-10.1892
-6.99557	-2.51644
3.76622	-8.64847
-1.79334	-6.48174
-4.35056	-9.44022
-12.7108	-4.21645
-5.09344	-1.70303
-2.04016	0.269847
-0.0774273	1.06593
1.54689	-0.388554
-0.490238	-12.5882
-9.24541	-20.4174
-18.5031	-15.0821
-14.0493	-18.1265
-15.659	-2.0255
-4.90493	-22.6414
-21.1089	4.57048
-2.42393	-9.57178
-11.3404	-8.805
8.03223	-1.1064
5.4919	-1.21108
-2.52555	-1.86293
3.8667	0.74584
5.77409	0.997324
0.125901	-6.48307
-4.53817	-0.0265309
-3.97265	-4.86749
-0.50686	-1.36487
-0.575586	0.297174
0.844627	-1.47328
0.684311	-25.3821
-16.3575	-2.6607
-5.93564	-16.0732
-7.86469	-34.3329
-29.4164	15.6998
10.826	2.06166
-3.62482	-6.25317
-6.73708	8.83282
-3.42673	-26.0351
-2.73819	-4.38388
4.85969	13.2761
-1.02011	4.90393
-1.30026	7.62442
-1.76655	1.70097
3.49827	-12.6104
-9.68493	-7.63053
-2.37338	-1.7927
0.722336	-3.09423
0.464061	0.750065
0.922995	-0.894081
-0.703912	-21.7681
-18.2184	-29.9727
-29.2655	-8.41118
-16.9509	-14.1936
-19.8083	-9.42761
-3.3933	2.15943
11.17	12.5492
-1.03868	-0.990154
-3.46904	0.369539
-3.9591	-2.04298
-5.8585	13.5241
1.02497	8.09608
4.22856	1.42303
-0.445846	4.88704
-4.80158	4.68891
3.4765	2.72661
2.93692	-1.22696
-3.01721	-0.605483
-1.80721	0.926158
1.28726	0.732138
0.978356	-18.9135
-11.7847	-22.9
-24.9845	-9.9566
-11.7262	-15.2495
-9.23484	-7.8354
-10.6149	-19.9304
-11.8283	7.26987
11.0079	1.95879
5.53165	-15.7202
-7.52311	-11.4101
-12.3347	5.22835
3.8885	4.06825
-1.87104	-0.683113
0.0967709	-1.13659
0.596785	1.31672
1.47599	-5.8668
-4.91386	-2.37247
0.542628	-4.52418
-3.15415	-0.658353
-2.12408	-1.37735
-0.791918	-17.104
-16.1175	-27.5014
-24.3024	-0.887684
-8.59828	-18.3681
-9.33591	-8.61907
-8.12547	-3.97855
0.517802	-14.031
-11.5275	-12.7559
-3.16981	4.39886
5.59745	-5.94545
-0.307541	-10.541
3.08222	0.171612
-5.4274	2.83148
0.371318	3.74892
-1.96061	-4.53349
-7.04292	3.43517
0.533574	0.596664
0.600976	-0.318367
0.320522	-0.0563107
0.373322	2.14402
0.198632	-38.0395
-35.9881	-14.7726
-12.9683	-16.8846
-14.4705	-2.97412
-4.20395	-9.78989
-7.89649	7.1014
5.28487	-7.30157
-0.520485	-0.989616
1.52554	5.00281
5.77656	-3.03771
0.393252	-0.393584
6.15729	-6.89494
-7.29761	8.91821
-0.747388	-5.40153
-0.947835	-0.438337
4.03537	3.32442
-0.172797	2.13728
-3.17801	-7.68706
-7.301	-3.28508
-0.620277	-5.76482
-10.0495	3.44649
-1.94768	-1.81547
-4.72209	3.66084
6.44054	3.41823
1.04846	5.77534
-0.889097	-4.13966
-4.69397	5.70143
0.596154	3.30457
7.20729	-0.782318
-0.0420209	-4.36099
-0.998963	-3.08882
-5.97604	-4.87386
0.44228	1.94503
1.16549	0.830615
-0.267861	-15.725
-15.1401	-19.2762
-15.9018	-13.7493
-16.8233	-8.25564
-11.1752	-4.22366
-5.52157	8.18743
6.96332	0.451801
-1.43277	-9.61546
-16.6753	-17.0296
-9.8463	-13.2686
-12.6933	-12.6975
-8.1979	-2.54799
0.689811	-4.21392
-13.3457	0.634731
1.19126	-1.41704
-6.17968	1.6363
0.717023	-2.35708
-3.48047	2.31907
0.160878	-0.796809
-1.02401	-0.112555
0.255063	-16.7959
-13.3927	-27.9476
-25.1119	-3.58451
-5.15861	-23.2352
-21.173	-5.8696
-7.0418	-13.0734
-20.2467	3.10433
-4.19294	-12.8973
-13.9246	0.724194
-8.41323	-3.59756
-3.30719	-0.372048
-5.92331	-2.94524
-6.38236	0.582156
-8.29494	-1.8788
0.309922	-7.00051
-6.67	1.45922
2.85821	-0.134229
-1.4171	-0.702172
0.0544975	0.656479
0.111208	-0.559413
0.375242	-12.4
-13.2648	-10.8028
-6.34332	-5.60129
-9.19142	0.717773
-5.01504	-7.87179
-6.14796	8.15075
3.93119	-2.34783
-11.5921	-0.370501
-1.96428	0.559043
-7.98794	1.61304
-10.2509	-5.42762
-3.41988	-4.52474
-0.866709	-6.72002
1.27184	-3.88718
5.83482	-0.156169
-1.40687	-1.48767
-6.08992	0.592925
-1.95567	-2.9943
-1.87412	0.612799
0.371295	-0.289555
-1.24537	-19.0621
-16.9542	-13.0801
-9.42493	-5.80601
-13.9258	-18.9362
-20.8967	-6.05635
-6.12105	4.39815
-2.63746	-8.37942
-8.50263	-15.2121
-9.34058	-4.35189
-1.60449	-19.0083
-14.8154	-9.46804
-11.8357	2.08667
-2.52938	-7.69797
-4.43089	-5.78366
-8.43679	1.05224
-8.39675	-1.40993
-3.6436	3.37831
1.86605	-3.11484
-2.88134	0.480737
0.801525	-0.744532
-0.356551	-13.5234
-12.7107	-35.0213
-32.2429	-10.0689
-9.57133	-8.39553
-5.36963	-0.220399
3.90059	-12.1277
-6.67798	-9.35144
-1.40071	-1.4002
-1.75554	-4.66249
-4.28133	-6.49388
-6.5735	-3.17236
1.40527	-2.14322
1.66635	-0.797298
-0.757562	-3.02918
-6.50492	0.263682
0.341546	-4.02547
-5.38894	-6.12213
-3.97881	-2.40128
-2.4692	-1.18704
-0.028739	0.130165
-1.41126	-7.64352
-12.7449	-11.4546
-15.2463	-5.46962
-6.4236	-19.7036
-22.0526	11.4136
8.86242	-10.4674
-8.32236	-13.2082
-14.8718	-9.40907
-12.8554	6.73295
-0.601418	-1.38425
-2.58944	-6.78174
-0.850612	-8.92531
-6.28528	5.25497
-5.22008	-3.30699
-6.43281	-5.99876
-11.7698	-5.81638
-6.63475	1.81855
1.82824	2.91648
3.04398	-0.378881
2.06541	-0.28657
-0.14778	-26.1808
-28.8209	-15.3408
-15.6828	3.2646
4.99067	-10.9908
-8.16228	-7.18247
-4.14397	-2.13648
-7.8083	-4.57055
5.45742	7.33773
1.99826	6.76216
10.5143	-2.47117
-7.33538	5.19072
2.64688	5.14854
-5.35486	3.5767
2.37603	7.78642
5.88807	2.49326
-2.02519	-1.19678
5.83212	2.64542
7.76229	-1.32709
-0.0575417	1.04443
3.25026	-2.28391
4.21853	-1.79214
3.56128	0.809014
0.216783	-0.143932
-2.12533	-1.74209
1.73695	-0.881695
-0.254093	-2.08399
-1.58191	-10.5403
-9.80157	-21.3921
-20.4383	-13.8705
-13.9055	-12.0822
-10.8415	-0.0123861
1.63453	-13.0503
-9.47953	13.3866
8.99634	-13.4571
-15.9332	-8.99843
-11.7042	6.31066
3.10265	-3.79189
-10.6951	-2.53385
-0.441677	-7.89089
-11.9815	-5.15245
-6.47269	-11.9258
-9.79963	-4.03473
-1.94409	-1.71666
0.504785	1.81234
-1.32658	2.98435
4.17401	-1.684
-0.988247	-25.3217
-23.9346	-22.312
-24.3798	-0.635935
-4.8541	-11.7565
-13.1441	-5.10431
-6.47041	-11.4306
-12.5954	-9.26606
-5.7753	-17.4239
-15.6754	-17.7444
-18.1156	2.6523
0.938387	0.388181
-4.91556	-2.01091
-9.76746	-6.28604
-1.14507	-1.12465
-2.41015	-7.89978
1.86304	-2.45396
2.57521	1.51511
0.184322	-1.61397
1.47788	1.15088
-0.0754763	-1.50472
-0.714108	-17.3415
-19.8534	-21.3352
-15.7645	-11.8183
-7.64559	-21.3945
-13.2978	0.480473
-0.427088	1.58335
0.679885	-2.40902
-5.18177	-12.2701
-14.1492	10.6076
4.60323	-3.96809
-1.6872	-10.9453
-3.47869	3.42111
-2.25861	-10.9861
-11.3169	0.0669833
-3.44315	-6.55964
-0.305532	-1.79284
-8.86166	-1.79029
3.43509	0.982333
3.40955	2.93171
3.99985	-2.09974
-0.37666	-29.1339
-29.5284	-15.324
-15.7263	-11.397
-10.5761	-11.6218
-14.788	5.00693
6.69045	-23.7216
-13.5361	-6.08648
-0.404389	4.07409
3.73414	-15.7675
-16.9715	-4.32373
-8.59563	-5.24253
-0.719379	3.49716
5.48686	-12.1232
-10.5732	8.95093
8.9988	-3.78666
-2.44676	-1.05291
-4.30752	0.310434
-2.04274	-1.25497
-2.3974	0.346436
-0.0989533	-0.448226
-0.937209	-13.8782
-10.0812	-14.5086
-12.5837	-5.17959
-3.41565	-11.4043
-1.2659	3.42325
-4.44576	6.15335
14.7914	2.10719
3.42521	0.451658
12.9318	5.34186
2.79617	11.5491
0.378494	9.15644
9.40637	8.53573
13.3296	-1.46922
-7.44182	4.61248
1.50012	-5.51257
-5.90954	-4.77703
-7.53808	-1.59134
-2.17186	-4.91388
-5.77151	0.900761
-0.683195	-0.821344
-0.161312	-19.0543
-19.0594	-9.30694
-15.6266	-13.7353
-12.5155	-12.5627
-17.9292	-7.80271
-3.58488	-0.208258
1.48016	-2.22807
-2.4903	-3.08034
-0.21286	7.76584
-2.82205	-5.82029
1.75257	9.56905
2.60982	-0.208881
1.55923	1.31837
-1.73911	-1.93026
-1.39068	-1.36699
4.20598	3.57519
-0.10868	-1.17277
-2.42661	-2.90037
-1.03014	0.0575574
1.82778	-0.503183
-1.24909	-17.8127
-16.5862	-30.1322
-29.6736	3.5385
1.10092	-17.6966
-18.5467	-2.18647
-14.2919	4.6166
2.93068	-8.22506
-9.33603	-12.0482
-4.79388	-4.01097
-8.21428	-11.1787
-13.2042	-0.699632
1.33855	-0.346889
-7.34864	8.93049
3.57921	4.44377
0.45161	0.830782
-0.693409	-5.82219
3.77245	-2.31789
-6.64637	1.63598
2.85311	-0.469903
1.34599	-0.448332
0.109136	-25.9929
-26.7777	-15.6954
-11.2409	6.15118
4.08758	-9.88426
-13.0037	-3.19445
1.66763	6.19683
0.114154	3.05705
0.585077	-0.535941
4.19153	-1.53299
-2.42546	-1.92462
1.39136	-2.10897
-0.672879	-5.4788
-8.80211	-3.28973
-2.86778	3.13416
3.54358	-10.49
-6.34521	0.971278
1.39804	-0.598731
-0.535517	-4.99911
3.09396	0.402899
-3.23981	-1.12772
0.281199	-27.3756
-26.2586	-9.87389
-9.84671	9.19621
11.415	-0.455165
-4.97726	0.312566
-3.30192	-14.4813
-9.63642	-4.76532
-5.84233	-3.77298
3.06971	-2.04453
5.66892	-0.620518
1.07441	-3.10303
-4.33825	-3.56109
1.39994	9.75989
12.7166	7.25729
7.15465	14.4961
8.55906	6.52093
5.66575	2.67506
2.81786	-5.86809
-5.32948	-0.643284
-2.45713	-1.99042
-1.91208	-0.5431
-0.0791367	0.735787
0.885645	-15.5524
-15.9222	-11.092
-9.38038	1.81935
5.41795	-10.2996
-15.8852	8.17232
1.64159	15.064
-2.32949	3.40798
-11.1828	-12.9789
-4.94843	-17.6668
-18.4443	-3.48427
-7.28017	-6.93723
-4.78027	-4.28379
-0.828408	-14.2368
-15.785	-1.27372
-5.19532	-6.54639
-5.77937	-0.934168
2.17965	-2.424
1.20829	-0.319405
-1.34064	0.706361
3.96811	0.445813
0.464971	-16.361
-18.5247	-17.9048
-18.0144	-12.9561
-12.8444	-29.559
-26.4949	-12.7168
-13.1393	1.14514
-5.09899	-10.1202
-7.46597	-12.7075
-7.24284	-13.3709
-9.85402	-16.5652
-10.7419	2.27184
-9.92695	2.84442
4.40875	1.84071
-5.12338	0.542638
-5.08582	7.67391
-5.94035	0.229263
-3.55964	-0.085498
4.28413	2.19016
0.83679	0.288963
2.12012	0.277312
1.29229	-9.61597
-9.08351	-13.6176
-12.3358	-8.77709
-9.4622	-21.7978
-21.5714	-8.14829
-7.724	-13.6408
-15.0565	-3.73
-1.20318	-9.62167
-0.639608	-8.79111
-0.127752	-5.01249
-5.49343	-2.32222
2.02772	-13.4416
-1.46885	-6.06704
-0.419586	3.11558
-5.32835	-4.75107
-12.6228	-2.01662
2.38411	-6.14595
-1.56468	4.87915
0.966412	-0.402263
-2.64114	-0.223021
0.232029	-17.0191
-16.0509	-0.981907
-0.11388	-13.4117
-16.3812	-34.5804
-33.9002	2.34284
2.20679	-17.0786
-16.3463	-0.514321
2.091	-0.477726
-3.80595	-14.3306
-15.2157	-9.14167
-9.89513	-2.06045
0.698492	2.40955
5.27035	-5.89412
-6.65854	6.09362
6.35837	-5.29654
-3.08083	-0.462767
-1.18047	-1.06016
-4.43895	1.53521
0.185555	0.271333
2.37114	-0.039109
0.76098	-15.6648
-15.4072	-14.4056
-13.8297	-1.90455
-1.11925	-33.7567
-35.4086	-6.64791
-8.19815	-16.2207
-12.7111	-0.704886
1.51981	-15.1704
-15.054	0.18822
7.8839	-3.31714
-4.41098	4.32125
1.53538	10.8515
12.256	-8.91472
-10.1465	-1.75855
-4.31728	-8.93748
-4.88412	-8.0447
-3.94103	-3.27741
0.279075	-0.0366636
1.08947	0.957717
1.53994	-1.03466
-0.304085	-17.0569
-16.1882	-8.39246
-10.0799	-4.85061
-5.46817	-32.4292
-33.9179	3.85994
6.80681	7.21749
3.44481	-5.46568
-4.35004	-11.7525
-13.4654	-0.663624
2.94047	-9.70686
-7.81703	-15.0093
-13.8572	4.89272
0.302954	1.98316
2.0387	-8.05335
-6.09339	-8.41334
-8.81796	-7.09037
-4.31752	2.41413
-0.750378	1.54183
1.58637	-0.218335
-2.1555	-1.28542
-0.87591	-13.6577
-15.1065	-23.0644
-25.1051	-9.49712
-12.3175	-18.1052
-16.5796	-8.38241
-8.96684	-9.55976
-7.63809	3.64435
6.46167	-21.135
-23.3555	-9.47709
-8.94064	-1.39466
-3.30454	-5.92659
-3.54808	-4.13162
-3.16635	-2.73552
3.93	-6.93247
-6.61671	1.76681
-1.99893	8.18552
-0.920211	-6.53587
2.67886	-1.45712
2.51284	-0.404056
0.272334	1.10885
0.367476	-22.2105
-11.6087	-12.4389
-21.3592	-8.35069
-6.56111	-19.1728
-16.0962	-20.8856
-21.2254	-8.91828
-10.61	8.75672
6.16282	8.14118
-0.763426	-15.0427
-14.7982	-3.74509
-5.48795	1.12668
-4.79226	-3.52502
-3.29224	2.27877
-4.41186	-8.8108
-2.08115	-1.54803
-3.07654	-1.59392
0.9181	2.29756
1.85829	0.786424
1.60608	1.26422
0.37955	-0.652912
-2.22593	-16.0109
-11.3367	-8.14207
-11.8776	-5.16738
-5.2947	-24.1894
-27.8832	-4.43422
-8.77951	-13.9138
-13.4168	-7.67195
-11.1661	-10.3129
-12.0377	-3.25614
-5.02662	-5.27889
-2.65036	0.621077
9.70561	11.9606
5.45448	5.41848
5.03817	-2.74012
-1.68002	-1.87549
-3.75305	2.49545
-1.93483	2.07435
3.7703	-2.69488
-1.51216	1.25295
0.952277	-0.258636
-1.26795	-26.1635
-15.1379	-20.7617
-9.94608	-9.75559
-9.8281	-6.54628
-7.98153	-7.86057
-9.28794	-4.60479
-2.14159	-5.99253
-4.37428	-13.4033
-15.1655	-4.4489
0.0913258	-15.1594
-20.9848	2.26551
-0.534562	5.45076
11.8332	-4.8261
-8.71295	-3.36301
7.9739	-2.51027
-0.144258	-4.76036
3.79142	-0.722966
0.32909	1.61054
0.944189	-0.650047
1.69798	1.82169
-0.45247	-26.1131
-16.8001	-20.4922
-25.3414	1.90782
6.37247	-11.2066
-14.0099	-2.32762
-3.79726	-3.01836
-0.0172939	-18.02
-19.8213	-14.1396
-20.7245	3.02933
-15.4776	-3.51049
-2.61417	-2.92515
-3.19791	1.05629
-4.7212	-3.63971
-0.752555	-3.40192
0.438251	-2.86164
-5.73711	0.526502
-1.23071	-0.815669
1.56073	-4.94528
0.0471201	1.23871
-0.394695	0.761247
-0.0170662	-8.90141
-13.8218	-8.05143
2.96049	6.55205
10.5505	-12.1992
-7.79549	-8.12511
-8.14534	4.94368
9.10818	-5.81994
5.91446	-0.693295
-3.68245	-8.18615
-11.634	-10.4907
-9.27739	-1.90503
6.28805	-1.82609
7.1095	-2.74124
-1.07515	2.46273
4.77935	-1.02151
1.05789	-0.173004
-3.15448	1.43802
0.621882	-2.06472
-3.30076	0.90135
-1.01918	-2.3197
0.150472	-29.3052
-30.3835	-10.4526
-15.1115	0.205662
6.25391	0.603972
-8.79533	3.86807
3.47495	-8.93404
-13.4273	1.06242
2.18811	-2.06922
-0.533237	-4.84403
1.61208	3.0041
-7.9408	-3.47336
5.97186	1.23754
5.85369	2.39657
-2.43	4.35506
1.3064	1.63262
0.346503	-1.54279
-5.69638	-7.27841
2.41492	4.59294
-0.0788883	3.43597
-1.25187	1.13661
1.42986	-1.50814
-1.14981	-0.855648
0.841061	-22.3027
-20.4099	0.558691
-4.16708	-16.8775
-13.2635	-27.4444
-22.8853	17.6879
13.2893	-1.95131
0.386268	-16.0542
-14.0846	-14.3241
-18.5258	-4.69105
-2.32739	4.10221
5.10502	-4.79766
-1.7377	-10.1174
-9.83145	-9.8406
-9.74516	-13.7661
-15.2479	-3.9003
-3.06762	-2.5418
-3.36882	2.72308
0.63111	5.46516
4.64381	-2.70375
-3.33014	2.5509
1.16819	-9.06702
-6.97555	-10.5872
-10.6728	-3.80654
-6.92149	-19.6785
-20.8914	-15.3133
-16.9906	-13.7711
-9.05526	-10.4416
-1.28754	0.242551
-12.2765	-5.22228
-4.55095	-10.0893
-8.67307	-1.45165
-2.27459	-4.61072
-5.94019	0.605521
2.25518	-0.644361
-1.65562	-10.8532
-10.3642	-0.215327
-4.21561	-0.0250946
1.42209	2.33593
-6.34478	-2.28809
2.72608	0.52687
-0.85969	-34.9978
-25.3169	-23.3427
-22.0916	-13.0723
-9.69425	-12.6508
-13.0159	-7.89841
-5.84241	-2.66409
-1.46455	3.58882
2.59378	-12.3796
-16.1892	-4.24149
-2.69413	1.73974
-5.42792	2.55052
6.27135	-7.91782
-4.69188	-6.68341
-3.67121	-7.66698
-6.92155	-12.4621
-11.6395	-0.557733
-2.81117	-0.86229
-3.86553	-0.771004
-0.190207	-2.45876
-1.23479	-0.507959
-0.0730441	-14.5231
-14.8873	-12.6056
-12.0736	0.959854
-0.950167	-18.7343
-17.0585	-11.7609
-11.5256	-35.7735
-18.9049	-5.91739
-8.36161	-5.47786
-2.91355	-18.5962
-15.3647	-3.26403
-5.93105	-1.79471
-1.8321	4.12616
8.11943	-4.74421
-0.81993	-12.1056
-8.84648	-0.185109
0.56832	-5.33967
-6.06377	3.15567
0.290499	-5.11118
-2.80162	1.61404
-0.493588	-0.540517
0.608117	-15.2492
-13.5991	-7.13623
-14.9951	-3.58975
-4.35331	-25.1908
-27.659	-10.3251
-8.17286	-16.818
-14.5565	22.6824
22.9867	-20.4671
-25.1583	0.451586
0.124033	-0.21699
7.38329	0.0405183
-5.34485	-0.624251
-0.8122	-7.28819
-8.02538	-0.888797
-3.30314	-5.3772
-6.35656	-5.53038
-4.49036	-0.627306
-0.353633	-0.660986
-4.81055	-1.07234
0.131734	-0.448141
0.406047	-21.922
-19.3663	-26.0259
-23.969	-9.24279
-10.1678	-8.34122
-6.17755	-8.03566
-8.86597	-6.5909
-0.41008	4.87646
-3.37303	-22.9036
-19.6084	3.75065
3.24635	-4.08459
-6.64376	-3.3469
-6.34502	1.7699
1.41357	-2.05123
-0.526668	-9.84487
-7.98821	-4.99769
-7.62814	-2.57439
-5.29017	-3.16761
-4.08396	-3.67808
-4.54516	1.07996
0.286298	-0.193331
0.947916	-9.93111
-13.7819	-1.15935
0.256461	-0.362139
-3.12534	-7.67395
-2.42732	-5.8206
-8.50228	-2.02463
2.05206	9.14258
-3.0282	6.30255
-2.9926	-8.00525
-2.93891	-1.85252
3.34991	-4.53505
0.190965	0.0795936
-3.35857	-3.17922
-3.32144	4.76755
2.40171	-6.59974
-8.2325	2.38187
0.641249	-2.57492
-1.31178	-2.07445
-2.84357	1.22437
0.389025	0.0804449
-1.12595	-12.7271
-20.6652	-6.65353
-10.0898	-1.31527
-10.882	-5.64955
-9.07644	0.0224305
-3.77239	14.1055
11.9483	-14.3071
-8.45182	4.12181
-2.37457	-8.40215
-14.4997	-2.19901
-4.13328	1.66986
11.222	5.51085
11.1112	2.96572
0.343922	1.96684
3.31808	0.498442
1.6631	4.10479
3.37915	-6.6702
-3.7676	-4.17309
-2.46436	0.0718284
-0.530026	0.302549
-0.19786	-14.3588
-15.793	-31.0899
-29.2098	-2.68802
-8.79526	-6.12711
-12.3736	3.07887
7.38068	-9.39894
-3.05729	-8.01762
-9.22432	-14.8841
-13.5431	-12.1615
-9.00635	-13.8235
12.1049	1.14814
6.90822	6.43451
-1.75298	-6.13124
2.83659	9.21017
11.1039	-5.1954
-9.23248	3.90654
5.98251	1.46815
-5.97311	3.91911
-0.468155	0.983147
0.157358	-2.37053
-1.64384	-11.328
-14.6831	-0.419828
-9.54968	0.231581
-3.4596	-16.4122
-19.0686	-9.90768
-5.9541	-1.70889
-3.38252	8.01925
5.11805	5.92177
14.3562	3.00748
1.05678	4.76809
-4.77241	1.37032
0.995308	2.15807
5.77664	-2.70481
6.75873	-3.64617
-4.7951	-7.13396
-1.90128	-1.78702
-5.16453	2.24968
-2.19079	-5.15553
-5.90974	-1.93797
-1.42404	-0.437872
-0.156272	-6.50711
-7.30033	-14.7511
-11.8438	-13.4377
-11.8734	-20.4997
-20.487	-2.57815
-2.77164	-6.29747
-6.66645	-6.44976
6.00929	-4.48988
-8.70968	-7.56078
-20.5392	-7.74895
2.06605	-1.26067
-11.2172	-10.4131
-9.42431	-1.60642
5.11575	5.47731
-6.6214	4.71451
1.56879	-8.8364
-6.61313	0.0418951
0.940146	-2.83434
0.286451	-0.572634
0.240783	-0.886792
-1.22287	-8.63581
-8.78526	-24.4715
-25.8563	-21.5083
-24.1807	-4.34898
-10.324	3.7374
-0.299612	-7.32599
0.553158	-7.12574
-7.42281	1.5971
-8.55086	-4.49798
-26.2261	-16.4024
-14.1285	4.54798
-5.43002	-3.01563
-4.18917	1.28832
-4.75541	6.08459
-7.04112	-2.83517
-3.86558	-3.95882
-9.56417	1.73162
-3.82063	-2.81824
2.37209	2.28588
0.786625	-0.448264
-1.67327	-30.2965
-29.0835	-17.7681
-15.8257	2.50815
7.74565	-8.48488
0.521777	6.19832
0.810404	0.971007
-4.34904	4.60794
-1.47333	1.11628
2.11603	-2.65706
3.79127	-1.32867
-3.90959	4.61477
4.62698	2.37841
1.73711	-16.5824
-8.0281	7.49988
5.91387	-1.10292
-3.03604	1.61758
-1.54984	-1.47289
-2.6051	-2.22321
-0.759854	-1.98628
-2.72444	-3.89688
-5.06271	0.535122
0.677824	0.789088
0.159099	-16.9445
-15.3525	-30.3355
-31.211	-6.72954
-8.34945	-0.668141
5.04891	2.07784
0.491122	-1.74148
-8.82074	-6.38248
-7.88397	-16.1251
-14.3781	5.56062
3.31974	3.33196
-2.39794	-7.28059
-7.46313	2.90634
4.49192	-6.85352
-4.59873	-15.2589
-9.45148	-6.59198
-2.7573	-2.80502
-2.28812	-1.75548
-0.0460837	2.30698
-2.1249	-1.46057
-3.29906	0.495544
-0.12668	-26.9171
-31.9971	-6.56512
-10.1406	-8.47238
-14.2927	-14.1637
-18.1751	-24.7352
-28.8112	-9.86508
0.846754	5.83122
2.09323	-13.6293
-10.372	-6.51902
-5.4995	-10.34
-9.91484	-4.76962
-6.30625	-5.59599
-3.08122	1.83658
2.33314	0.872474
-4.00716	-3.41667
-8.78086	-1.78479
3.35147	-4.97781
-5.07183	-3.495
-1.82672	-0.733205
-2.64088	-1.17774
-2.51712	-16.3112
-15.6223	-19.0274
-20.2744	-9.72189
-7.93557	-31.8323
-35.7735	7.33584
10.2786	0.501144
-1.65101	2.02791
5.03307	-0.640693
-0.55727	-3.74223
-7.4637	-11.8941
-12.4243	6.0048
4.76679	-7.69525
-11.8082	-3.20706
-1.17188	-6.01807
-6.55521	-5.91046
-7.25526	-1.52388
-1.17939	-4.95545
0.960739	-3.36835
-2.68612	1.79762
4.14442	0.569265
-0.116568	-14.4046
-12.3067	-25.2641
-26.6719	-11.2974
-10.5557	-2.51372
2.45419	-10.4468
-2.96068	-19.67
-21.6093	-3.51005
-2.49395	-8.29325
-4.20348	-6.4444
-3.40315	-23.7734
-19.0666	-13.6235
-7.10024	-11.409
-13.3626	-2.64337
-2.22568	-0.628227
-6.54418	0.186874
0.186168	3.15009
4.05572	1.59834
3.656	-1.31224
3.31238	1.51046
2.87612	2.72833
-2.70881	-36.6733
-34.4495	-11.9446
-16.8244	-3.61945
0.662434	-9.61683
-15.3314	-11.2067
-14.3766	-2.68091
-5.09007	-8.71419
-4.652	-13.3127
-15.178	-3.33662
-5.4541	17.512
13.6917	-8.48155
-7.73005	5.5437
11.7131	0.633353
2.07509	-6.86901
-4.44183	-14.0506
-12.7321	-3.35239
-1.65593	-0.762494
-1.21101	-0.825046
-4.12892	1.82549
0.440256	1.04925
-0.23067	-22.4364
-18.2246	-23.9614
-19.4557	0.476526
2.01319	0.281075
3.81118	1.69658
1.45238	-13.1454
-14.0884	12.676
17.3776	-15.0787
-14.1985	-7.34087
-7.54664	1.30523
-2.12378	-12.5419
-15.7905	5.70992
1.41754	2.06144
3.21182	3.00861
1.60212	-4.30308
-0.33162	-4.28772
-4.83027	-0.756477
1.56387	-0.615423
-1.55404	0.819942
0.110322	-0.0684343
0.218076	-16.1921
-14.4343	-14.682
-17.0726	-2.96811
-6.65431	-21.5955
-21.7036	10.7004
7.73296	-4.35355
-8.24564	-8.25716
-10.9163	-3.30515
-1.30815	-9.90124
-4.79175	2.43112
-6.35955	6.81273
7.76239	-2.34245
-14.1408	-2.29492
4.77868	-5.25995
2.67087	-3.81488
5.62616	-1.98713
3.98153	0.62428
1.63291	-2.27388
-2.99494	-1.32163
5.19043	-8.659
-12.85	3.21589
-1.57585	-0.420391
-5.09897	-0.711345
-0.68181	8.3217
0.79016	1.6081
10.8914	6.18303
5.91958	1.40125
-1.25256	6.77124
3.28517	-1.71631
-3.13195	2.52234
-0.824594	4.29501
1.18388	1.54485
-1.07216	-4.79506
-5.09983	-2.79865
-2.46929	1.47551
1.80874	-2.75452
-0.781223	-15.5844
-15.1178	-29.391
-28.2898	-9.27562
-2.02987	-2.05242
-4.56915	2.72049
-3.40589	8.03074
8.76735	-3.3043
-2.97036	-16.8546
-9.22217	2.5973
-6.6666	-7.91801
-8.43252	-3.93467
-5.78554	-7.26424
-8.04172	-5.60232
-3.93666	-3.07067
-1.22352	-6.54582
-7.67484	0.00712302
-3.31861	2.8215
-7.53886	-3.77078
4.74499	1.3708
-2.89426	0.0591153
-2.13574	-28.911
-30.1082	-13.1952
-15.701	6.41507
-4.05032	-15.7295
-15.9321	-13.1742
-15.3005	-8.03788
-8.95132	1.2692
6.88673	-12.296
-11.7865	-12.0641
-9.39996	-13.4925
-19.5781	-9.502
-5.78412	-7.1303
0.240193	6.67284
7.27032	4.27065
-0.281874	-1.98921
-0.267572	2.50801
-0.541181	3.99796
1.88227	-4.47082
-4.5304	2.00984
4.67045	-4.08582
-2.52933	-39.2992
-37.1665	-4.73677
-3.40779	-1.55959
-8.15693	-34.4537
-26.5034	-3.93161
-0.117056	10.2011
12.834	0.265139
-0.00823919	-5.40633
-6.10665	-4.54219
-7.38746	4.37241
4.12509	-10.7178
-12.9198	9.16937
8.17826	-12.4509
-12.9995	-5.38927
-6.14295	-13.0615
-12.6605	4.12537
2.36204	-1.56107
-2.57826	-0.536802
-1.30966	1.12926
1.95158	1.59921
0.54341	-10.4139
-9.01969	-22.2462
-29.3989	-8.27625
-8.86107	-6.10323
-8.1886	-6.62986
-15.8476	-0.752087
-0.673814	2.25683
2.7733	-18.7542
-16.2257	-15.485
-9.62066	-7.91068
-7.88252	-14.1781
-14.9458	-4.48635
-5.35545	-7.33115
-0.187573	-6.1062
-0.743481	-2.97239
-0.158905	0.43885
-1.02142	-1.43345
-4.66016	0.804151
4.07207	0.797897
-1.56226	0.69582
-1.43249	-37.2709
-31.7135	-14.6586
-16.1966	-6.11787
-7.34492	-12.7768
-15.7256	-14.9611
-14.9262	-7.899
-8.34908	-1.37235
7.03826	-7.75983
-12.0686	-15.8621
-2.21505	10.199
8.01371	-4.2002
-1.08463	9.00481
11.4616	0.566392
-0.428568	-8.36888
-10.7357	-9.81412
-11.4331	0.323812
-3.98372	-3.24466
-1.95156	-3.43238
-4.13552	0.586338
1.40896	-1.02015
-0.794922	-11.7611
-21.6205	-14.7208
-15.0541	-9.60266
-8.12734	-28.1621
-27.3693	11.4514
12.742	5.96189
4.30986	0.747207
-5.55002	-6.61266
-2.02757	-6.7231
-10.749	-21.4324
-18.4113	5.36673
4.96542	-4.31154
-2.07921	-9.11091
-11.8011	-8.36732
2.81978	-7.00833
1.45778	0.810053
4.0821	-1.49248
0.0623439	-6.27747
-4.93483	1.43302
-0.305049	-0.219654
-1.01689	-28.7521
-19.1534	-6.4215
-20.1925	-9.41786
-9.90534	-19.9697
-15.5634	-14.5841
-9.69849	-2.13124
-4.9925	-0.0489503
4.22708	-25.2532
-21.9929	-0.126569
1.00038	-0.706113
-3.21235	9.31403
9.93358	21.9639
6.54207	5.70398
4.65144	2.61845
5.39524	7.0896
-0.096156	0.434945
-0.734258	3.79085
-2.7489	0.476546
1.42953	-1.7822
-2.58172	0.329497
0.328922	-12.5668
-10.6546	-12.3919
-14.2683	-5.35713
-2.5901	-31.936
-29.0865	-2.74079
-2.44943	-23.0164
-20.434	11.1087
10.3988	-10.7923
-17.3316	-6.4453
-3.46075	1.15948
-2.24125	-4.09979
-3.95483	10.5535
3.26847	2.4856
0.447084	-5.20307
-8.47276	-9.55528
-12.0169	-10.0251
-8.91168	-3.04404
-3.23341	-0.398673
-0.503396	0.234434
0.295718	0.75878
1.68458	-16.2748
-15.3145	-10.1295
-11.151	1.23695
1.37686	-34.518
-27.12	-5.07307
-7.75639	-16.463
-6.02851	-5.29801
-8.53236	-18.7821
-19.9096	-5.85019
-7.04164	6.95599
4.58865	-2.35742
2.90734	-7.57101
-1.92221	3.55765
-3.68759	-9.45295
-9.16379	-7.82781
3.53042	-6.41249
-2.67072	-1.40959
0.109755	-0.767859
-3.48917	-0.542447
-0.305711	-2.47387
1.6187	-22.0294
-23.6752	-16.3982
-12.4348	-2.42866
14.4916	-15.4325
-19.4248	-12.6013
-0.258579	-6.42057
-13.4745	-9.76273
-7.70663	-10.4698
5.00478	-8.25688
-8.62965	-7.14468
-6.03436	-0.871585
-3.68494	2.15836
-2.30259	-10.1303
-13.9731	1.32334
-7.00012	-4.15607
-2.44426	-9.42439
-4.52081	-2.61404
-0.465033	-3.70826
-4.21665	-0.512958
0.618838	-0.308304
-2.28384	-36.4502
-33.1403	-7.39991
-7.18047	4.05531
0.661006	-17.4939
-4.97091	-3.34918
-8.11737	11.9437
5.63747	-6.681
-10.3131	-7.20915
-15.7896	-5.64742
-7.90083	6.53457
5.99554	-12.1712
-10.092	3.80932
2.3507	-8.50137
-9.86036	-3.23607
-7.90642	-2.87421
-1.2153	-1.46906
2.93906	-2.78567
1.29548	-0.133901
-2.57023	1.50611
4.30607	-1.45632
0.22555	-33.9368
-36.4653	-8.62857
-13.3237	-4.63791
-1.68098	-10.5689
-11.2646	-10.855
-13.8997	-9.69839
-3.66373	-5.57162
0.140248	-10.3746
-15.8918	-20.0975
-13.9242	1.64078
-2.07622	-1.85892
1.8773	10.8921
10.7411	-10.0989
-10.1719	3.83506
0.0465272	-5.03978
-10.6266	2.79779
-9.45962	-2.9158
-0.792788	1.24056
-1.92362	2.47372
-0.308152	-0.00252074
-0.450015	-11.2453
-6.13203	-19.683
-20.938	-18.7374
-16.105	-20.5929
-20.5346	1.75133
1.33329	-20.3973
-14.4964	1.65101
3.76748	-5.25188
-10.2571	-2.62619
-11.253	0.0860014
3.19825	-9.70531
-2.30064	2.83379
1.22786	-0.560288
-4.27834	-7.03275
1.77907	-4.79557
-4.23068	-5.9251
-3.04373	-0.376632
1.59516	-4.25102
-2.37803	-2.23817
-0.416868	-0.612694
-0.152914	-20.2388
-19.1783	-17.4713
-18.7826	-6.26305
-6.61982	-25.2036
-23.4024	6.82759
8.46224	-1.65689
-10.1796	-5.49965
-10.1698	-5.1285
-5.89195	-11.6497
-8.3254	1.21472
-2.81724	-1.96895
1.09146	5.79707
5.23234	-11.5594
-12.0294	0.622545
-1.07022	-4.44974
-16.4289	1.1983
-6.45026	-0.167325
3.5073	-2.1267
-2.44998	4.08669
1.53063	-0.663193
-0.404499	-38.0506
-36.8108	-7.35099
-4.93687	-9.43133
-8.6185	-5.79981
-4.90592	-5.29368
3.84961	-9.55077
2.33089	6.50396
0.737594	-4.36907
-0.683464	0.307355
4.84121	-3.58417
5.05931	-4.41525
-3.50793	2.44057
8.8196	9.35724
2.51463	-1.96437
6.14185	-2.4163
-0.0941345	-6.36535
-3.48675	6.19913
3.84904	-9.9812
-11.8704	0.717782
0.625071	-0.501956
1.33838	-1.89514
-0.825013	0.930344
0.389354	-10.6218
-11.2289	-14.518
-11.9978	2.16749
-2.11456	-26.5392
-13.089	-5.71646
-4.42749	1.02574
-0.994277	-5.72608
-12.1086	-12.0675
-15.0463	-5.8676
-7.702	4.43048
8.50889	-4.83833
-4.07795	-6.33459
-0.711366	-9.00697
-8.65552	-5.64624
-8.54509	-8.69442
-5.14444	-3.6187
-0.880653	-1.97284
1.60386	-1.06484
3.33278	-0.252514
1.88665	1.20479
-2.10557	-24.6813
-22.8375	0.141867
-6.44191	4.86758
10.621	3.89695
-9.42152	-1.64337
0.946421	-10.4286
-10.5276	0.810292
2.05806	-15.8073
-10.5752	-10.9552
-10.0256	4.73973
6.7855	-1.63754
-2.77048	-2.36351
0.0304776	-2.44976
-1.05957	-0.610604
-1.7843	-2.34337
-5.32083	-3.21367
-4.0308	-4.30564
-4.46499	3.4189
1.43144	-0.653219
-1.21287	1.9772
-0.785425	-9.04797
-9.22035	-10.0592
-8.97044	-8.16365
-7.30859	-23.7295
-20.4095	-10.4357
-9.94953	-3.96154
-2.41323	-1.03558
-1.78068	-4.11429
10.6967	-3.26189
-7.06102	2.5189
-1.43329	5.99423
-2.59843	0.048233
-1.57353	-0.0924899
0.811771	0.849618
3.47869	0.999589
-3.44099	-2.87576
3.21337	3.15031
-0.977113	2.55934
-2.21718	3.30057
-1.89013	-2.8152
0.900579	-18.4205
-19.2239	-7.64984
-9.8289	-10.8559
-11.1687	-28.4159
-23.1907	-8.51003
-0.323178	3.65851
0.146055	-8.65162
-15.2934	-17.1654
-19.0628	1.16579
4.25608	1.68929
6.97711	-13.6317
-10.5315	-0.896188
3.47447	-3.4892
-6.95437	-0.826074
-2.46008	-1.78301
-3.78244	1.61522
-3.85	2.28837
-2.15881	-1.35271
0.446741	2.69617
-0.707026	-2.55094
-1.39076	-20.1483
-26.2437	-23.0868
-23.5589	-5.58569
-9.64064	-8.37365
-10.3427	-3.76272
-7.58235	-14.2128
-13.7027	-1.40735
1.32966	-17.4289
-19.1601	-6.88222
-1.8944	-0.432657
7.95338	3.0867
-0.114901	6.22644
-0.857746	-1.72515
6.8749	-0.733057
-3.25229	-3.41017
-3.72577	-3.1682
-3.10544	1.47067
0.559019	0.154946
-1.35986	-0.983021
-1.71173	-1.0054
1.65854	-20.3158
-20.3263	-29.5314
-28.1712	-4.70949
7.12116	-17.7461
-23.7777	-7.26746
-11.6557	-22.6124
-27.8042	13.9105
16.503	0.281265
-4.24802	-15.7095
-17.0244	2.96663
3.46673	0.2664
-2.96125	-6.16203
-4.00621	-2.32032
-5.01856	-1.97115
-2.49349	-5.56272
-5.1658	-1.70662
0.434404	-8.7645
-6.2229	-1.36364
1.83349	-2.85067
-2.01949	-2.74828
-0.816661	-25.353
-34.7671	-20.5362
-17.0454	-17.4769
-12.2772	-28.6246
-32.6694	-10.3569
-8.08151	-15.1351
-18.7059	2.24043
6.06979	-7.62086
-3.64452	-15.6011
-9.64211	15.6554
9.01475	-0.895551
5.86865	3.34003
3.8509	-7.53704
-5.72459	-4.54136
-5.60145	-3.28325
5.59934	-3.30644
-10.9006	-1.8871
-4.65316	-0.0974398
-2.46757	-1.23056
-2.13727	-0.943027
0.953306	-19.799
-17.4724	-28.159
-28.4909	-5.50924
-5.69533	-17.9643
-14.9157	-3.72898
-6.10592	4.5783
10.1395	5.43052
-4.82287	-4.04669
-17.0512	-3.08478
-10.2224	9.0642
6.99225	5.80591
2.69905	12.9326
13.8844	7.85493
4.00103	-2.40239
-7.42062	-5.07516
3.60568	1.55741
1.8841	0.0746939
-0.141378	1.28168
0.838363	1.07108
0.354736	0.402948
1.34712	-9.46175
-9.20839	-8.23364
-8.11557	1.72943
1.00277	-26.5005
-28.6486	-10.1922
-10.2807	-16.4687
-18.3816	12.2746
11.131	-13.936
-13.4091	-17.4872
-12.2413	6.26422
8.5014	-8.30834
-16.3267	1.24067
5.61026	0.859056
1.86337	-6.66458
-1.4397	-4.3698
-0.857229	0.995759
0.240994	-1.40539
-3.01245	-0.483608
-3.06412	1.44051
2.29775	-1.24083
-1.83917	-18.977
-19.9526	-17.4491
-20.8864	-6.36126
-8.2503	-21.4215
-19.613	-4.09313
-6.62226	-4.04968
-2.38889	11.0947
6.51151	-22.1581
-16.3885	-3.98947
2.28179	-0.691006
-2.47412	-20.4557
-15.1502	-6.52338
7.40304	6.94035
4.4771	-2.59769
7.7722	-6.63197
0.549785	-1.46113
-3.76689	-3.89653
-2.45245	0.141042
0.0518271	-0.590228
-1.56522	-1.38228
-2.78099	-15.0376
-14.9013	-26.7076
-28.612	-7.36254
2.89121	2.21125
-0.785044	-0.662393
-5.01145	-4.43491
-5.30995	-8.70462
-6.35966	-11.9631
-28.6637	-14.7773
-0.790519	-8.8051
-8.3565	-6.64803
-9.46959	-12.0511
1.71431	-2.08423
-1.87775	-0.352526
-0.0275691	-3.79061
-1.37226	-3.61882
-2.89806	-0.550081
-4.21735	1.11311
2.49881	0.760105
-0.50431	-1.36707
-2.56471	-19.9191
-19.5161	-26.5963
-25.1752	0.888353
3.06153	-23.3276
-21.8952	-2.39066
0.535046	-13.8047
-8.44501	3.16152
1.47256	-12.2986
-6.35766	-7.64245
-9.9955	1.34542
2.31606	-3.03602
0.477267	10.5457
9.19944	-7.09907
-1.75584	-15.9726
-13.0475	-9.92133
-2.43357	0.960676
-2.43532	-3.21505
0.0102751	0.494021
-0.765464	0.0943432
2.73126	-0.168956
-1.55873	-28.6006
-28.8452	-14.6254
-17.9251	5.30457
4.08765	-5.34605
-7.02915	6.51452
4.75264	-7.24882
1.69343	7.00058
-3.61252	0.80468
-0.791227	-5.97302
-6.37145	5.27719
3.93278	-3.73446
-2.00277	-11.1287
-6.12223	-3.29726
-7.90517	-4.89044
-2.66268	7.61095
2.48936	10.4418
-1.22601	-7.77966
-11.6321	-4.27494
-1.26182	-3.37748
-4.49936	-2.02681
-2.62949	0.218943
1.04831	1.92157
3.88163	-13.6175
-12.92	-9.43537
-9.87072	-2.69891
-3.11793	-14.57
-14.4214	-5.89851
-4.9436	-29.4504
-30.146	-0.147615
-6.6916	-4.64806
-3.55308	-5.38481
-12.8053	-12.8731
-7.26754	-2.4326
-7.98241	-8.57633
-6.35683	-8.01619
-4.29573	-12.6829
-6.82636	-3.22745
-3.57669	-0.0419214
3.71583	-1.27051
-7.58501	1.75335
0.339541	-0.162116
-1.26927	0.829882
1.52468	-31.3634
-28.4649	-10.8436
-30.9428	-2.92949
-5.20687	-11.7944
-16.8427	0.735002
2.78852	-6.20604
-6.1112	-17.4182
-15.9232	-12.3698
-8.1559	-11.6184
-12.0174	-1.10413
5.74693	-13.6986
-7.4154	5.39611
4.0157	-11.2439
-10.187	3.03299
-7.14924	-1.72176
-8.39596	-2.08934
-8.3516	4.95934
1.51266	0.831855
0.777317	0.712421
-1.41379	0.56455
0.547804	-25.8566
-21.1127	-24.6045
-29.9343	-6.16714
-2.83898	-17.9611
-20.5311	-3.97199
0.314121	-2.84454
0.179412	12.1573
7.82115	-17.8276
-16.8092	4.82777
3.71327	5.94224
4.35463	-9.52108
-10.4019	8.54589
8.48361	-1.37382
3.53646	-3.30822
-2.05826	5.35256
-4.27453	-2.47873
-8.96551	-8.73318
-2.78875	-1.74754
3.56349	0.825675
1.24645	1.41291
-2.01317	-18.3606
-12.04	-9.52505
-18.6966	-6.78692
-3.38588	-18.5617
-20.6099	-17.7312
-12.2994	-12.0372
-13.7681	17.9161
20.7352	-10.5462
-12.477	-12.5667
-14.1401	-2.50194
4.04169	-8.73932
-11.4192	2.41739
3.65269	-9.85746
-0.407598	6.75417
7.03111	-10.2066
-6.59764	-4.01134
-4.32087	-3.95485
-3.29827	-2.30613
-2.78582	-1.06122
0.0998143	0.407896
0.404011	-17.057
-17.3518	-29.6568
-26.4218	-2.0388
-2.08347	-16.2623
-17.2212	-5.4643
-5.02902	8.29331
4.47552	-12.7422
-10.1913	-0.548529
3.63989	-9.36134
-5.95729	-0.163561
3.43515	1.03476
-4.08414	2.34155
16.5278	1.79842
4.74851	5.00943
7.58088	-12.4927
0.337231	0.130535
-5.45248	0.16816
-4.33252	-0.861354
-0.716341	0.0317929
0.535487	-1.38138
-1.43847	-19.3927
-19.8459	-26.8339
-22.9977	-2.23115
0.0792421	-12.4983
-10.6427	5.21801
1.07105	-3.31447
-3.64232	-4.77811
-10.3396	-17.4605
-20.4351	1.85882
2.24241	-2.59618
-3.36504	-2.14489
-10.7132	-5.15148
-3.32301	-5.96788
-7.99027	0.194472
4.48705	-7.62815
-6.62523	-4.47444
-7.21106	-0.195669
-2.68124	-0.182363
0.457902	2.83122
1.97055	1.08163
0.521392	-12.4816
-10.8926	-12.766
-6.19952	-6.69928
-6.94884	-31.1049
-24.2657	-5.90239
-2.89559	-3.40045
-4.3088	5.78643
10.1272	-3.46268
0.244217	-5.56829
-6.63107	-12.7981
-12.0348	0.952441
1.35449	-4.59146
-6.17246	7.30711
4.07276	2.62451
1.23367	2.78647
-3.13131	1.83816
2.26894	-1.68955
-1.1685	-1.73998
-2.65236	0.64922
0.737704	-1.59274
-1.46817	-23.927
-15.9376	-13.6768
-13.8435	-3.28094
-1.85523	-19.0542
-23.0129	7.03036
-6.4649	-6.66884
-3.01776	-11.7495
-9.39933	2.99038
11.9423	7.4597
2.95287	4.39112
5.86337	5.95876
2.1496	-8.89086
8.30846	0.785814
4.07421	-2.7666
0.583713	2.19467
-1.2709	4.26506
2.21079	-8.69183
-5.78711	-6.91003
-2.33315	-2.35417
-7.51286	-5.75134
-4.84668	0.396369
-8.65778	-8.41212
1.46407	-4.56558
0.406999	18.9319
-1.99544	5.55067
-1.62693	8.40041
8.46284	-4.26149
6.46714	-1.63854
-6.98226	0.17928
1.83382	3.27345
-0.435862	4.02087
-1.2226	1.01604
1.1058	-1.13288
0.57563	-14.1789
-13.8317	-5.18914
-1.3088	-7.28592
-1.41807	-3.80384
0.967914	-5.23793
-0.557347	15.5152
7.2244	-8.53723
-5.06374	-6.41112
-14.5773	-5.7414
-7.20694	-13.9906
-10.5699	-13.3631
-14.0946	-1.42916
-1.24245	-6.00091
-7.12205	-13.9549
-11.9316	1.61223
-2.31763	-4.07289
-4.606	-2.60766
-1.86307	1.69466
-0.466933	1.55415
0.00214475	1.87959
3.75252	-6.62582
-5.93681	-15.5187
-13.0761	-10.692
-10.9185	-20.2207
-26.475	-14.9023
-16.3425	-14.6179
-22.177	-2.7721
-2.15582	-12.5673
-9.2011	-7.15691
1.58819	-13.9719
-13.66	3.84238
2.22628	2.18722
2.85416	0.68516
2.00669	-13.6704
-19.0978	-2.7893
0.546091	0.929036
-3.65259	4.37389
3.12111	-2.41306
-3.7846	-0.399123
0.297383	1.72705
1.14524	-12.018
-15.0829	-15.6013
-15.0036	2.23376
-2.9013	-13.8252
-23.3902	-11.423
-10.1316	7.76096
5.31704	-16.9684
-11.8341	9.79376
6.36305	-13.1297
-17.3026	7.2898
8.60492	-4.77832
-9.1468	10.1878
9.70619	-6.13181
-5.75526	-6.88006
-7.16724	-8.83622
-8.80574	-8.87395
-8.05881	0.69027
0.108381	-4.16072
-4.32314	-1.24568
0.0849421	-0.541802
0.000837305	-28.3803
-35.3837	-11.4387
-9.10592	-3.32216
-10.8206	-18.301
-35.8477	3.84565
1.9411	0.339185
-1.98493	-14.9944
-19.095	-2.83223
-5.92036	-8.9063
-15.2705	3.81909
3.79647	-14.4796
-18.0621	18.5788
16.0253	4.73872
6.33508	-7.96108
-4.6039	-11.6314
-13.0848	-4.40444
-7.23683	-1.55709
-1.76863	-1.39041
-0.161426	-1.42904
-0.626777	-0.263653
0.235096	-19.2304
-20.0983	-14.9643
-12.6713	-15.246
-18.6999	-30.7363
-31.0058	0.664231
-1.42717	-12.6395
-13.5663	-0.127495
2.30744	-2.27627
2.19582	-6.77243
-6.83788	-2.30493
-2.44931	2.98069
-0.449671	-2.10038
-4.31298	3.27125
2.83961	-3.47198
-2.69065	-14.4278
-12.3064	-1.78973
-5.009	-3.19926
-2.29438	-2.50494
-2.82797	0.287661
-0.276043	-0.20501
1.90101	-11.9732
-9.51822	-13.7078
-13.1054	-2.75865
-2.59004	-19.9268
-24.277	-11.2314
-9.30715	-12.4802
-7.50719	6.8177
-2.42507	-1.48318
-9.90887	-7.26946
-11.3	5.66496
4.62293	5.01126
2.68686	5.94681
8.66331	4.51829
-3.85447	-6.74397
-2.27072	-3.73672
4.61674	1.82989
0.389851	2.24806
0.260529	-2.586
-2.0138	1.33507
0.583364	-0.640644
-0.428127	-18.8941
-14.5744	-29.4725
-16.2229	-4.84159
-1.80618	-8.99125
-13.1298	-6.82346
3.35509	5.81336
7.38171	-3.84456
-4.36461	-2.81074
-5.98381	-3.9129
-4.51136	7.47105
5.5927	-6.22747
-6.15273	-1.1272
-1.76828	-2.00347
1.12086	3.73965
5.26442	0.870574
1.08095	0.093009
-7.90174	-3.18638
0.785916	-5.27867
-2.07628	1.8277
-0.612297	-0.594487
-0.319219	-18.2652
-13.1125	-18.5657
-17.9772	-21.8214
-18.699	-13.8666
-15.9899	-15.6093
-18.4099	-4.84131
5.78238	-3.5193
-1.59643	5.36052
9.30536	1.3129
-9.14685	12.8889
-4.81171	6.84601
0.6641	4.01855
1.6792	1.08101
-4.93015	12.3143
16.495	-7.44526
-11.7873	2.23287
3.8896	-1.13323
-0.407068	1.22071
-0.586535	0.876893
1.4788	-1.98272
-1.75103	-19.0793
-15.0307	-3.56475
-7.67893	-8.1211
-1.75274	-31.1162
-24.6113	-8.52072
-13.7923	-10.5762
-3.52102	-5.13052
0.91971	-8.77992
-7.004	-13.9012
-8.06321	-3.17451
-4.95764	-6.79313
4.84321	-8.63231
-1.46079	0.0836933
-0.432935	-1.47686
5.00011	1.42831
2.17135	-0.374923
1.60942	-1.68416
-2.41041	-1.38763
-2.52879	-0.64676
-0.125631	-2.69524
-1.92735	-15.235
-18.76	-29.3072
-20.0158	-7.60298
-6.17232	-5.51026
-9.95105	-12.6025
-6.36447	-2.15549
3.30351	-9.09887
-12.6134	-7.58206
-9.26932	4.98989
3.09193	-1.1159
-7.64188	-9.46886
-5.50082	10.3257
-3.4613	-3.50821
-13.2953	0.675107
-2.76709	-2.65601
5.45285	3.87862
-3.1874	3.98515
4.15923	-3.90355
-2.52371	0.728998
0.401375	-1.57759
-1.56502	-38.4535
-34.8034	-4.85842
-5.37727	-9.66251
-9.89611	6.46168
1.91219	-6.10266
-4.58668	15.0421
12.0374	-12.4413
-10.2577	6.87983
1.18176	-0.878692
-7.5986	-2.76827
-0.680031	9.45707
-7.63309	-2.32379
6.63446	12.2319
4.14289	0.533134
-1.00751	-14.7465
2.26397	0.130847
-8.6302	-4.93464
-4.62508	-6.79166
-0.755324	-8.97288
2.64623	-6.14773
-10.3476	3.3204
4.52666	1.67657
8.83951	-10.4744
-4.17325	-4.24611
4.02195	-6.73979
0.363495	-2.51295
1.40913	4.66831
-2.05108	0.949138
0.135147	-2.22048
1.09788	-0.376746
2.20799	-0.602279
-1.36958	-31.6058
-28.3743	-19.7737
-16.6791	-7.91996
-3.33503	-10.9136
-16.5916	-7.24571
-4.25246	2.54664
5.78257	21.5167
7.29229	15.4218
-5.62432	-16.7263
-7.2346	-0.0824042
-13.6346	-10.801
-9.71002	-9.23462
-12.6886	-1.35076
-4.42228	-5.61479
-6.51949	0.0656884
0.116887	-0.741042
0.857584	2.3698
0.974855	-4.30245
-3.5026	-1.02089
-1.97971	-0.420105
-1.16202	-23.8966
-25.5838	-9.68388
-3.4474	-2.14279
-13.0361	-7.17879
-17.3001	-8.47507
-0.505193	-17.6568
-10.7803	-1.80438
-4.54555	-4.65132
-7.72455	-16.5585
-12.8747	-1.2904
-2.84032	3.43168
9.92806	5.45586
5.6023	-1.36524
-4.51332	-2.90381
-1.92425	-7.69922
-15.323	-3.70733
0.524412	1.34598
2.1568	-0.679534
-4.34771	1.4105
1.65283	-1.37396
-0.492759	-10.5608
-12.2994	-9.61077
-3.91715	-18.2633
-22.3864	-29.6914
-28.6375	3.64063
4.28681	-2.64692
8.1885	-5.7178
2.00461	-1.78049
-4.63873	0.58562
-2.40268	-1.20295
-7.37626	-2.49759
-2.38749	6.71361
4.98568	-13.6375
-10.7173	-1.10167
6.93397	-8.04649
-9.25425	-1.2857
-3.00154	1.49806
-6.28239	3.6437
3.10213	-1.9719
-1.32402	-2.34831
-0.198034	-28.0687
-24.1018	-11.1521
-12.7469	2.43464
1.54748	-16.2334
-9.33154	0.400599
-4.58047	-3.24487
-2.67386	-7.39126
-1.50106	-25.1068
-27.2894	-6.83943
-9.81136	0.749457
9.20233	-17.1477
-11.3559	4.13965
9.89918	-0.774449
-0.630252	-8.43394
-12.2198	-8.19911
-7.6496	-2.38584
-1.3839	1.14612
4.14603	-4.24188
-5.4529	1.26182
1.76381	-0.579903
-1.14474	-21.3987
-22.1756	-16.4309
-13.1798	-10.4185
-13.3335	-28.5213
-27.5398	3.41089
-9.46808	-20.927
-21.169	-1.5722
-2.073	-1.8679
-2.21631	-7.54206
1.72554	-4.20408
-8.21336	-0.258064
-8.18154	-3.95263
-7.96352	-4.44642
-1.57965	-0.379841
-4.94411	-4.72914
-6.48638	-1.83387
1.54383	-2.56389
-1.00759	6.12291
1.61797	0.85711
2.71536	0.310234
-0.668771	-17.9539
-17.052	-28.5822
-27.2724	-6.47238
-5.67617	-12.2066
-9.25831	5.11714
1.18814	-13.3964
-10.513	20.7746
25.6055	-24.4494
-28.4777	-4.83123
-8.47482	1.91525
3.32026	-5.35274
-8.37726	-2.00747
-2.06686	-2.72265
2.50823	-7.86483
-10.4009	-6.65086
-3.88694	2.36906
8.06578	-1.60792
2.02161	-2.95276
-1.48244	1.30003
0.465633	1.59057
2.09692	-36.4678
-36.4076	-6.38105
-13.3346	-2.84992
8.92839	-3.25959
-13.9377	-13.5393
-17.6115	-2.64052
-4.33795	-11.4862
-3.64297	-14.9576
-11.0101	-12.0151
-15.4782	1.33633
0.704183	-3.21695
-7.00425	14.2959
7.07301	2.50654
1.90238	2.37867
2.91066	-4.01967
3.52033	-3.68649
-4.29528	-1.09435
5.10174	-3.23693
1.95203	0.802751
1.89801	0.0396383
-0.105551	-38.4077
-27.4913	-20.7141
-12.5189	-5.27456
-4.09932	-22.9456
-22.5702	0.298404
-1.51115	-4.33591
1.11833	-9.72365
-12.1785	-8.64163
-5.58974	1.0797
-4.35315	-4.47643
-0.9963	8.51154
6.68322	1.63741
2.09153	-4.99342
-3.5527	3.57941
4.5603	-8.00376
-7.0652	-1.99967
-4.85925	1.27076
-1.93894	-2.96584
-6.90725	-3.27132
-2.82998	0.0726851
-0.801464	-9.89397
-9.6305	-11.9976
-12.5457	-0.154156
-10.3036	-14.9633
-11.3761	-1.055
-2.73557	-12.2055
-11.0535	-3.49285
-0.906148	-4.56667
-11.1759	-10.1655
-10.3592	-7.27122
-11.6822	-7.82164
0.384296	5.86459
1.18445	5.18032
8.78732	-9.60906
10.7447	-11.3792
-11.4503	-1.00901
2.82952	-4.22018
-8.43014	0.11545
-0.689612	0.808397
1.18942	-2.39504
-2.01283	-31.0277
-32.681	-10.1605
-11.0701	-15.9027
-14.2743	-15.0165
-17.61	-14.7908
-12.3467	-5.23892
-1.66916	-9.35982
-2.32367	-3.19567
0.67674	-3.87343
-7.80833	-12.017
-8.25026	3.347
1.08212	1.36118
-6.27035	5.25438
1.8579	-2.95592
0.64341	-1.55043
-1.69697	-4.60402
4.2828	-4.72974
-0.071407	-7.38849
-11.9772	-8.26236
0.55214	-3.44642
4.63234	10.0983
-4.41531	3.17934
-3.34571	-6.38549
-7.85225	5.85592
0.800928	-3.80338
-0.161473	-3.07384
6.18425	-3.15453
-1.28752	-2.20832
-0.22447	-4.57405
-2.85501	0.618254
4.0453	-9.90799
3.71573	3.99704
-0.00817553	4.99575
-0.0848638	-1.51798
-0.563071	-21.0567
-20.1387	-1.17685
3.9028	-11.801
-8.83264	-31.4517
-38.4848	-2.40627
-10.2757	-3.49146
-6.98035	12.0422
-6.13473	7.61447
10.9687	-3.19098
-1.67665	2.32286
3.51762	0.165517
1.49912	2.36028
14.5776	-2.91636
-0.118843	-1.15552
6.17638	4.70481
-5.48719	3.2399
-0.42146	-4.10255
-1.54344	2.16069
1.11935	0.638883
-0.33722	-0.87503
-0.012463	-25.5641
-27.6218	-26.4841
-27.0281	0.598055
1.30798	-14.6006
-18.8214	-7.90088
-5.65425	-11.9065
-9.60547	-15.0271
-15.4294	-13.8616
-7.9283	3.6688
-0.418426	-4.59767
-7.56266	2.73362
3.76017	-8.84104
-3.47752	0.635084
2.53385	-6.01386
-10.4358	-2.25714
0.520094	0.53859
-1.79237	3.46458
4.04925	2.52731
5.11203	-0.582492
1.5507	-0.568415
-0.235064	-15.2815
-31.332	-16.5012
-5.64815	-8.80937
-9.3561	-1.47384
1.59236	-3.14824
-2.69126	7.16723
5.97966	-7.27681
3.11886	-7.08131
-4.29298	7.50249
1.07303	-11.5283
2.94241	1.08163
-7.74621	3.91146
2.51572	6.90434
8.53156	7.96262
9.73642	-9.59327
-7.60662	0.997796
0.742499	-3.53451
-0.167202	-2.56026
-1.8218	1.58237
-0.948352	-2.63124
0.351911	-23.2764
-9.858	-22.5832
-19.9764	-9.18457
-13.6768	-16.3121
-18.0322	1.52588
-0.915147	-25.3934
-34.7851	1.8717
4.83305	-4.76468
-7.52194	-0.310405
-4.87422	-6.57572
-6.04682	-12.2013
-11.663	14.2448
11.6675	-4.6379
-1.48746	-8.39742
-4.68058	-1.9814
-4.573	-3.10886
-7.16427	1.67327
2.44463	-1.59995
-2.28963	-0.471361
2.08094	1.34402
-0.998891	-23.5726
-24.7941	-16.0369
-16.1904	-9.95973
-10.6685	-25.8905
-26.0086	5.47077
7.88757	-9.55169
-12.8326	-13.2302
-9.44166	-4.59372
-2.93033	-1.55585
2.20186	-6.27992
-6.89557	9.50739
1.2565	-11.8485
-7.61804	-2.30066
1.06985	3.34622
6.43135	-10.6161
-6.87096	5.13502
-2.00202	0.161939
-0.511807	1.64149
8.24149	2.23426
4.11226	3.89704
2.21157	-33.9028
-36.1548	-12.4012
-10.0408	-1.53883
-1.9457	-3.49037
-12.1374	-11.9442
4.06157	16.0655
7.06886	5.20812
2.67197	-2.55133
-5.51323	-0.208143
-0.534295	-3.94706
-11.0474	7.93855
8.37335	6.8367
4.01406	-1.55194
-2.22086	-3.2774
2.70318	-5.40707
0.357059	4.89248
2.45642	3.54427
-1.7047	-3.70059
-0.448788	3.3606
0.0735125	-2.43632
-1.53799	-7.64098
-6.00176	-16.7494
-20.6583	-9.79146
-10.8746	-15.8288
-11.1007	-8.91535
-11.3538	-12.4025
-14.6635	-0.625886
7.51137	-0.0893812
-6.17494	-10.4986
-4.32509	-2.70872
-8.52617	-5.82164
-6.05761	0.349953
5.3064	1.58721
-3.29701	-0.679643
4.36837	-7.58066
0.581627	-5.76888
-2.32163	1.54422
1.64067	-7.36145
-1.11625	-3.62125
-2.79321	-1.16345
-0.891828	-11.8767
-12.4714	-4.93546
-6.46966	-3.91048
-1.89724	-15.3146
-12.3798	2.20953
2.70886	-11.5182
-8.6622	1.06731
0.455598	-0.80758
-1.33018	-6.52918
-8.72816	-2.64495
-0.687822	-2.90706
-4.23206	-5.5801
-3.36018	1.24439
2.93148	-5.92648
-6.03823	0.347404
1.42009	-5.54688
-5.21877	-4.25944
-5.7048	-0.00633676
-0.202573	-2.17285
-2.3943	-0.776456
-1.04029	-21.2469
-19.8334	-18.5169
-19.2814	-6.10342
-1.12856	-16.6353
-10.9367	3.77545
1.9473	-4.66889
-6.04497	-15.5901
-13.0617	-16.5297
-12.875	10.746
1.72746	-9.66559
-13.5728	-1.68433
-6.6972	-6.2528
7.60903	-4.52801
2.72705	5.59874
6.78144	-6.97859
4.52124	-4.69579
0.273746	-0.416504
-3.5303	-0.602102
-1.69913	-0.683887
0.161874	0.933146
0.665412	-26.3284
-32.3283	-6.95465
-9.55466	-5.01082
-4.75782	-4.68211
5.8363	-6.72106
-0.728458	-0.314362
-10.9986	-5.54744
-4.04004	9.48436
-0.942901	10.1312
3.9168	-6.77236
-1.50784	-5.48256
-2.11094	2.95325
0.478502	-12.9971
-14.8531	-3.70393
2.79917	-5.60768
3.51785	-1.23314
-0.667863	3.63816
-2.37184	-9.65094
-3.04644	-10.9185
3.2329	-2.56946
0.991498	9.61719
-1.44428	1.89181
0.405307	2.4142
-3.12339	-8.27855
-10.4712	-0.233469
1.63116	-4.46509
-4.37068	-0.308312
1.61227	-2.08396
-2.07466	-0.238418
-0.270929	-24.3791
-25.2819	-13.8299
-8.45741	-3.71714
-7.65132	-20.6156
-22.8334	14.8082
14.2627	-6.41049
-13.6022	-11.4771
0.563594	-2.78888
-8.08467	-16.0297
-13.9948	7.49617
3.21496	-11.601
-11.1208	8.25603
10.5204	-6.98778
-5.75872	-10.681
-4.9193	-8.89926
-4.35785	-5.8519
-8.39389	0.310755
-2.45588	-1.8027
-2.43093	0.734139
0.203518	1.13617
-0.106138	-20.2289
-21.4771	-21.5868
-27.4877	-1.08041
-0.105256	-18.9551
-22.0079	-4.87808
-1.77699	-18.0902
-18.761	-1.37298
-0.312827	-13.9151
-8.53042	-7.03773
0.0502626	-11.605
-7.16613	-8.33906
0.820984	-6.34633
-4.41853	1.13725
3.90416	-0.515566
-8.05168	-3.37874
-6.67818	4.90654
-3.35122	2.32622
3.71188	-2.46279
1.51765	1.43287
3.20215	-1.96874
-0.736565	-21.4637
-21.7072	-30.9793
-32.6219	-4.97795
-4.78661	-12.1824
-11.0078	-3.34352
-1.56619	-4.1652
1.02573	0.681834
-2.51535	-15.3873
-15.2706	-1.10873
-5.97551	14.8651
0.635247	-5.47016
-7.02341	7.28319
-7.85911	-0.284117
-2.04214	-4.07009
-3.34457	5.90328
-4.68126	0.712207
3.71008	3.1897
-0.934709	-4.12716
-1.88998	0.835
0.765649	0.709253
1.60188	-14.1126
-17.711	-23.5107
-26.5309	-6.67864
-3.13059	-23.3714
-20.8441	-20.7915
-17.5833	-5.40905
-7.91477	-9.79495
-18.7791	-14.6695
-8.13852	-13.8306
-8.41393	-6.01443
-10.987	-8.61002
-2.52005	-4.78884
-8.80071	-7.18863
-0.773414	-3.67504
0.466602	-0.699308
0.739393	-1.36313
-5.7922	1.75507
3.31105	-1.63318
3.53901	-0.0731805
1.2649	0.54981
0.0513775	-19.4254
-19.4822	-23.5959
-26.1895	-6.60089
-6.73788	-9.72334
-13.0675	-7.53142
-7.58415	-5.77219
-6.30581	-2.04591
4.57219	-18.9345
-16.9394	0.0812523
0.0015614	3.14551
0.591889	-10.9836
-13.7761	8.98579
5.54136	1.71074
9.29148	-2.64314
-1.5886	2.36141
-2.28	-5.81411
-2.09957	-2.4184
-2.54375	4.95368
0.228146	0.607351
-0.504117	-1.58076
-0.667114	-16.0205
-15.0909	-24.4902
-21.4571	-11.0503
-3.87093	-3.91327
-17.286	-15.4158
-12.092	-9.00838
-5.915	2.64549
9.08683	5.17838
6.21402	-7.26073
0.968117	11.306
-5.02603	-6.44246
-10.9684	1.2746
-2.75102	-7.25031
-7.68838	-0.420722
-1.47591	-7.53938
-6.60603	-4.39159
-1.69693	-1.58405
-1.13852	-2.069
-3.40768	1.30721
0.712478	-0.535862
-0.923405	-14.3785
-15.3528	-18.1443
-16.2603	-3.02634
-4.41659	-23.7183
-21.5574	-10.3036
-12.325	-9.5455
-5.74384	-9.43709
-5.45945	-2.94412
4.31516	-16.6449
-15.8664	-0.772703
-3.00808	-6.74376
-8.2891	0.879987
2.67834	-0.503082
-3.32675	-1.46377
1.86513	-0.794546
-1.65444	-0.475039
-0.396915	-3.43376
-1.82946	-0.397456
1.11946	-2.04712
-2.54159	0.201155
0.174197	-23.0965
-23.4825	-9.97349
-10.8918	-15.6372
-12.727	-19.6637
-9.99444	-0.0468638
-1.88389	-6.77215
-9.08756	-8.3882
-3.91754	-6.85572
-9.67932	3.84997
-5.74215	2.72295
7.92417	-9.49913
-8.81433	-14.3052
-8.42357	-1.2835
-8.72677	-1.59742
0.564822	-3.1802
-5.43623	-5.72727
-2.50107	1.02242
-1.93074	-1.04322
1.50158	3.00154
4.03699	1.12788
-1.44582	-27.4264
-1.6149	-6.92456
-6.10035	-3.33065
2.85058	8.46118
5.20267	1.1021
7.54162	-3.05683
8.78219	2.26492
-1.32009	4.35115
0.492678	0.142046
-1.54791	1.06666
-0.742575	0.909547
-4.41772	-7.08138
-0.658712	0.173758
0.961899	0.953441
0.993395	4.48724
-3.22987	-0.988759
2.07852	-1.26132
1.09152	0.428386
-2.25813	-16.9797
-16.7288	-22.2813
-19.5202	-3.27952
-14.542	-18.0755
-16.5027	4.85264
11.5881	3.35119
-1.33831	-2.14573
-7.8656	-17.5212
-20.1367	0.369345
-4.37551	3.29022
-4.66098	-2.31638
-15.5538	-0.0600415
1.36671	-7.82892
-14.1737	-10.6146
4.51442	-6.97388
-4.80802	7.21074
7.46144	-3.87649
-7.61082	-1.077
0.0470246	0.600759
1.51714	-0.816747
-0.452771	-17.4096
-17.3637	-30.0262
-34.4005	-4.58612
-3.4124	-21.618
-18.7061	-14.9341
-18.1155	-8.30165
-8.6989	11.0892
12.1678	-17.5601
-13.6059	-17.9583
-18.2982	4.21789
-0.0071916	2.46484
1.48963	3.78018
5.43525	0.725279
1.81378	-1.49938
4.36955	4.7414
-3.97848	1.26769
-6.27854	2.86292
2.01289	1.31313
1.01879	-1.10871
-0.356021	1.39652
0.847121	-16.1247
-14.9149	-28.921
-30.1492	-3.52146
-4.8704	-19.9688
-14.6038	-14.4168
-12.3941	2.07469
4.00106	-9.27037
0.331137	-9.20396
-13.0363	0.139368
-1.85032	4.12544
5.82772	-1.17246
-3.91739	1.96903
2.5538	4.1386
-4.71585	-0.476533
-7.21065	1.59245
-4.02763	-2.27448
-3.06932	-4.07586
0.210882	-4.60069
-4.48651	0.191718
1.05272	0.961867
-0.402148	-23.9965
-11.4149	-16.5112
-17.5971	-12.1898
-14.1877	-14.1049
-15.9972	-10.7213
-12.0924	-0.0930166
0.600917	6.13752
9.59367	-15.973
-15.4939	-8.8476
-11.5057	1.1597
-0.327596	-4.59506
7.75768	6.36108
4.84102	10.0479
6.5217	0.549709
-1.64432	-5.96169
-7.32976	-3.06234
-0.267001	-2.1598
0.114114	-0.260816
-0.968884	-1.15831
1.27864	0.696179
-0.0575757	-19.3029
-20.1372	-22.1679
-21.1638	-9.17262
-11.3387	-36.7865
-36.2707	-2.01985
-5.40849	-5.00255
-9.12042	-4.64047
-7.26376	-10.2135
-9.84229	0.155242
-7.64826	-13.9484
-1.26701	-1.62336
5.9036	2.44159
-1.78033	0.391256
0.436071	0.534516
18.0106	3.82492
-7.03695	-3.03765
-7.09218	-4.88567
-2.7986	1.01366
0.303239	-0.708521
0.886464	-1.735
-0.553425	-17.3979
-16.7605	-29.2979
-22.6221	-6.93634
-4.47882	-13.7656
-20.0624	-19.7655
-18.4649	-7.57282
3.28237	-2.24917
1.99241	-1.69449
-8.07047	-12.3621
-1.91836	2.80963
5.1546	-7.5149
6.77945	3.65298
-1.55114	-2.33229
-3.59459	-6.23015
-0.111232	1.98193
-2.27785	-7.7298
-5.15315	-3.12072
0.489433	-2.27041
-4.65583	1.18838
0.906818	-2.61494
-2.07273	-20.0293
-20.4118	-16.3592
-17.9035	-1.12951
-0.364367	-27.7879
-27.2559	3.74811
0.438426	-9.40582
-15.1291	-2.64166
-0.564281	-14.5273
-14.8428	-12.7568
-12.0141	-4.40536
-2.2517	-4.84718
-1.01347	0.103501
-8.48921	3.64128
11.4424	-1.98656
-2.1549	-3.28404
3.25112	-1.84059
-1.64977	-0.390382
0.109687	-2.86919
0.65324	-4.14344
-4.33325	0.105674
0.0763336	-12.4786
-18.2164	-2.31616
-2.41623	-5.87587
-5.17233	-3.2894
0.0465383	-1.65491
-3.42678	8.92172
7.86916	-10.2596
-11.8174	5.22013
1.80284	-5.81306
-9.80088	1.81078
7.69475	10.6571
-4.16175	-10.4738
7.52028	-2.11857
-5.16394	10.4013
-2.1568	0.916647
-0.018222	-2.66109
0.0615841	3.49147
3.00272	-0.885564
-0.551377	0.996877
1.12274	-1.9799
-1.35461	-29.0061
-25.2452	-9.73244
-13.165	6.4927
2.49284	-3.77112
-9.15773	5.74415
-7.30304	-16.8327
-19.3075	-2.75536
-3.9419	-13.7306
-20.7391	7.99441
2.97496	-10.9828
-10.887	-5.9058
-15.1974	14.8524
9.50444	-10.7731
-2.10413	2.66047
-1.88299	-1.52845
4.34373	-0.0226154
-1.55441	5.55403
-1.50654	-2.17362
-6.04223	-1.97605
-3.42835	-1.87344
-0.306136	-0.276272
-0.186817	0.342505
1.02821	-17.4782
-14.7698	-32.299
-28.8034	-4.21107
-1.89039	-16.1619
-16.7572	-4.7356
-5.99308	-20.1299
-18.1124	9.62407
11.093	-17.905
-16.5548	-17.9669
-14.0722	4.79911
4.48503	-2.60887
-3.3496	-0.170706
-0.539426	-4.21285
-3.96903	-6.23774
-9.4136	-5.60117
-1.30323	-5.66204
-2.79836	-1.72024
-1.67687	0.464604
2.58238	0.326645
-0.191929	-1.07279
-0.826802	-11.1601
-12.6895	-22.2062
-23.399	-19.1218
-17.7955	-10.8464
-13.8927	-22.3077
-20.8876	-5.80127
-8.3912	9.06984
5.31211	-22.4073
-22.9094	-10.656
-4.12835	1.66583
7.00254	-3.36751
1.12484	-3.60743
-4.02461	5.59599
2.08361	-6.52324
-4.31355	-2.93833
-14.0646	0.322279
0.471373	-1.96101
-2.39437	-2.12299
-1.81169	-2.21939
-2.62439	1.56855
1.00261	-10.9338
-9.14993	-11.3675
-10.2222	-10.8747
-7.17219	-27.7475
-13.2637	-6.36985
-10.9138	-18.6857
-4.27761	-7.53232
0.155561	-21.2084
-23.1345	2.46096
0.98892	-2.16713
-12.0033	-6.95709
-6.17256	-9.30983
1.37234	-2.74739
-6.61522	-4.87609
-6.07985	-5.03182
-8.44412	-2.9591
-1.93988	-4.7648
-3.97972	-0.51082
-0.308371	-1.88042
-0.476702	1.46153
-0.0591521	-13.9203
-16.0597	-15.2839
-20.7509	8.51967
6.57618	-11.6388
-21.0412	-3.34007
-2.29022	-8.20044
-6.31997	-20.513
-25.565	4.29311
2.08504	-16.9378
-5.80728	1.61519
-6.33374	-4.50505
-9.70015	-0.949542
5.34692	1.57165
0.540396	-1.16678
6.86371	2.27278
-3.91403	3.02625
-2.00225	2.25459
-2.43427	-1.67728
-1.84599	0.0832813
-0.893329	0.938559
0.152374	-9.35535
-10.8841	-8.34762
-6.90002	0.357384
-2.27042	-19.821
-18.0673	-18.1507
-14.8492	-11.9043
-9.12354	-13.6936
-10.8406	-5.62451
-10.5253	-10.7195
-1.57811	-4.44556
-9.55966	-0.337499
7.8666	-10.0993
-6.55452	0.250479
-3.39038	2.75769
0.264837	-1.17841
1.46742	-7.92189
-7.69836	2.32561
0.784746	-0.863527
-2.79274	0.216224
-1.57277	-0.621172
0.222265	-12.5025
-8.48196	-23.1126
-24.9193	-14.1175
-13.8413	-6.74444
-2.24348	-3.51492
-2.53028	-5.96706
-3.86097	6.35212
5.66691	-1.95618
-12.7128	-13.3049
-10.4727	-1.31111
8.89204	14.7137
-1.06708	0.264549
-0.208122	3.79664
11.6877	-7.3638
-5.30766	-1.41761
-8.65174	-3.14905
0.333666	-1.54813
2.64602	-3.78919
-0.623955	-0.77794
-0.47812	-0.504849
-1.00948	-27.1739
-22.9848	-16.3063
-15.9043	4.58615
4.68857	-7.90701
-10.9091	-10.9886
-2.34014	-0.279622
13.2221	4.36585
-7.91645	-2.57197
-1.06025	-2.86406
4.21941	-6.7851
-5.28558	1.26593
-7.64961	2.37749
6.72147	-5.38616
-0.698792	-6.66262
1.79131	4.4723
-9.4951	1.12131
1.73298	-1.36862
1.67562	5.44571
5.11079	-1.67346
-3.97022	-6.4723
-12.7912	-0.411209
-1.11358	-5.51407
-5.19017	-3.59379
-3.90105	-2.63758
-2.98278	0.152992
-0.642317	0.836079
-0.123156	-15.2542
-13.4632	-23.8854
-19.4556	-15.6372
-13.2638	-8.91687
-9.43213	-18.504
-19.0132	-4.53148
-7.23394	18.9002
13.0392	-8.06776
-11.8515	-10.9498
-13.9997	-1.40237
3.2232	-16.8805
-15.1854	8.80219
4.17233	-14.6533
-11.5561	1.71356
1.32663	-9.42785
-6.74217	-0.370835
2.00498	-2.50124
-4.15597	-0.570514
-0.959865	0.733174
-0.402718	-1.5598
-0.551122	-22.177
-20.1272	-16.508
-15.6056	-0.0181468
-2.11885	-34.128
-28.5421	-16.4458
-10.1657	-8.44761
-19.2862	4.70652
1.30273	-8.45261
-10.6962	-6.65414
-7.57058	5.48752
1.27391	-18.1503
-16.7986	4.58021
1.06941	-2.71625
-7.6546	-1.72616
-2.81149	-4.78044
-4.67308	2.44455
0.180672	-1.82398
-0.570975	4.87486
4.01215	-0.730632
-0.893622	0.935172
-0.298964	-19.72
-16.8433	-23.8858
-18.2732	-14.7818
-14.1236	-21.3323
-16.7061	-7.4089
-11.8147	9.91547
13.7271	-8.41619
-10.4984	1.71633
5.8384	4.55191
-1.23013	-6.6575
-8.5727	8.96899
-2.56144	-3.05213
3.64224	0.606809
4.63043	-1.90605
-0.561344	0.681775
-0.60669	-10.2161
-2.9662	-0.982266
-0.173153	-0.867976
-2.86846	-0.560457
-1.08564	1.00618
1.06219	-10.2325
-8.92702	-10.0994
-5.8225	-3.05353
-0.595459	-18.3538
-14.7165	-7.99867
-2.11211	-0.746288
3.77998	-9.27075
-3.20399	-14.9816
-16.6994	-6.88602
-4.14233	-0.65304
0.937418	-12.4548
-8.4313	4.24439
2.63707	0.259109
-4.57927	-8.43594
-3.05128	-8.30752
-6.64859	1.63904
4.8878	0.961547
-2.87355	1.22796
-1.68858	-0.0660912
0.994477	0.579909
-0.452831	-16.1899
-15.1291	-29.9756
-30.19	-7.41447
-5.5968	-24.5043
-22.7335	-12.4214
-16.0257	-2.23826
-4.11685	-1.1686
-5.75433	-20.0189
-6.16636	-0.644097
3.14431	5.24037
-5.36399	1.56772
2.82727	1.1166
-3.95359	-5.40389
0.766223	6.16047
5.71094	-3.3619
-9.87559	-2.38713
-5.55271	-1.81083
-3.47871	-2.65007
-3.41965	0.129812
1.66204	0.162777
1.44023	-13.4356
-12.1999	-16.9212
-15.1924	-1.63038
-3.56664	-24.3524
-22.5155	-9.21304
-8.88081	-7.14112
-4.42351	5.03
-5.99498	-12.8837
-2.64745	-4.07068
-9.53115	-5.25084
-0.332497	-6.41916
-3.34098	7.23311
2.24099	-6.5693
1.71854	4.81574
-7.49739	-1.56807
2.07282	-1.94201
-1.52473	3.54806
1.81416	0.696554
2.71789	0.0135926
-2.22479	-0.81458
0.585674	-13.0847
-12.3364	-26.766
-24.813	-8.15623
-12.7976	-14.5445
-17.4056	-9.12702
-11.974	1.58298
1.46154	-14.318
-17.7674	6.93489
-4.62033	1.26953
-3.80476	-0.299736
-8.06116	4.51883
-2.91877	-13.4848
1.09876	-4.79874
-1.53963	-2.89966
-2.39853	-1.01099
2.7621	-2.93189
-7.50279	2.14271
-2.02739	0.0277185
-0.0313777	0.933259
1.72326	0.278759
0.150524	-13.2891
-13.2723	-21.0185
-20.4107	1.92873
2.11325	-25.5705
-22.1729	-1.84314
-2.99134	-2.63172
-1.35517	-6.98324
-7.67644	-9.30229
-8.75224	-4.42073
-4.48349	2.41826
3.83456	-8.06781
-8.77161	1.71261
1.94985	-3.02954
-2.22547	-0.18827
-0.672094	-1.47397
-2.33664	1.37947
-1.69048	-4.05125
-1.46137	-1.60078
-2.20059	0.266699
-0.240718	-1.16645
-2.2892	-11.6545
-14.1197	-17.0666
-13.4497	-7.76975
-4.09161	-16.8065
-5.31553	-0.108279
5.31868	-9.90566
-8.24884	-2.51918
2.22048	-2.35553
-4.50903	-2.20878
-10.7344	0.130315
-7.18035	-2.38807
-3.52481	10.9952
5.14114	-3.893
1.30862	15.4745
8.69158	-9.96165
-8.54929	-5.95968
-6.82169	-10.9359
-11.135	-5.30929
-5.5479	2.31494
1.55784	-2.22753
-1.18137	0.309645
-0.843849	0.136825
0.578393	-20.0449
-21.236	-29.0845
-21.4208	-1.85805
1.32582	-22.5602
-22.9098	-12.5894
-18.7649	-3.61246
-5.55897	11.3429
-7.4628	-19.5388
-3.48866	4.40685
-4.28679	2.18568
0.158866	-1.21956
-4.81476	-0.990601
0.84114	-4.05759
-6.7416	-4.06452
-9.0425	-7.5031
-3.93599	2.95566
4.65473	0.00765703
4.52984	-0.237459
1.3281	-0.212137
2.1399	-2.86938
1.12556	-27.063
-32.1484	-4.13483
-2.75278	-5.73988
-5.23173	-7.39409
-18.7065	-17.777
-26.3051	-5.0106
-5.97305	5.56459
7.44599	-9.79316
-2.50907	-17.3092
-16.0291	0.035203
-3.45903	-0.796688
-2.3121	-6.48465
1.3719	1.47649
-0.647079	-2.55501
-1.57922	-2.29206
-3.24066	-4.0243
-5.32196	0.642738
-0.48054	-2.48377
-1.27941	-0.579648
-1.14092	0.633743
0.176736	-12.6162
-10.0617	-18.5997
-13.1608	-0.857214
-3.17719	-13.1849
-17.3801	-4.06932
-4.62504	1.59545
1.64908	1.42517
-4.69731	-14.4806
-10.8494	-15.0971
-13.4289	-16.4518
-9.04727	-4.34976
-3.08403	5.76443
2.65268	-10.2666
-3.71304	-0.113335
4.82097	-9.57287
-9.65395	0.204122
-7.45235	-2.09226
-7.28334	0.87057
-0.916183	2.79333
-0.922492	-1.32505
-0.613314	-22.8366
-11.9709	-10.2568
-22.3475	-6.42637
1.16263	-30.3311
-31.4548	16.188
8.54532	-10.1224
-9.65288	-10.6751
-11.8826	-3.57946
0.556742	-13.1598
-9.9844	-0.721545
2.78138	-10.074
-10.5114	12.2177
6.851	-0.698382
-2.06143	-6.98723
-4.37238	-3.15807
-6.45824	1.47624
2.09188	0.35407
-1.82695	-4.00175
-1.11709	2.069
2.03382	0.237663
-0.732607	-15.9117
-17.9977	-22.224
-24.705	-15.9212
-9.50838	-19.7617
-21.6314	-9.30934
-4.794	-7.06585
-4.82989	6.53232
5.14599	-10.2284
-7.15788	-4.10866
-5.03586	10.0788
10.0089	-0.460457
-1.26211	6.57843
7.05461	1.15802
-3.27802	0.880423
2.19869	-9.84866
-12.4984	-0.649839
-8.96761	-1.33718
-3.63253	-3.35131
-4.54886	2.64945
-0.0957048	0.776988
1.6979	-9.88728
-15.5651	-9.87142
-9.8752	-0.736756
-3.44779	-12.0434
-4.13349	3.38174
11.0479	0.782739
-4.33219	-12.7258
-15.6972	-7.90367
-11.372	-1.70039
-0.432247	1.81551
-1.91401	-8.52653
-7.36982	5.07938
-0.0644615	-1.19894
2.62054	-5.34036
-2.88585	-9.6441
-4.30466	-5.39885
-2.97678	-5.79764
0.626191	1.83666
-1.89225	-0.402372
-0.625124	-0.562201
0.425364	-13.7179
-16.1044	-27.6886
-28.9261	-7.40215
-6.519	-12.0731
-12.3017	-5.73391
-1.37446	-6.74343
-4.56393	-14.5841
-13.056	-16.1037
-15.2497	-5.73154
-3.98693	0.221088
-4.70791	-7.86002
-5.79251	17.7736
9.37122	4.72413
12.8701	-6.87966
0.229667	-8.14748
-9.05037	-5.17527
-6.25897	-2.17721
-3.30403	-2.18585
-0.475625	-0.99899
-1.98861	-1.20539
-0.926357	-24.2116
-23.422	-23.0997
-27.2253	-5.99312
-3.50252	-16.027
-17.1433	-2.70238
0.307048	-0.41143
-2.31127	12.0442
12.1309	-19.86
-19.072	-0.24947
-4.54306	-0.397175
5.98079	-6.19599
-6.12536	4.94042
0.308912	-4.8432
-6.57395	0.438712
2.88384	-4.25633
-0.942735	-4.31783
-2.54365	-4.4422
-4.35762	-4.69518
-3.81977	-0.45302
-0.835248	0.750201
1.65102	-12.9246
-11.9574	-9.9974
-8.21058	-0.55139
-2.60034	-26.0876
-27.6668	-2.54954
-5.12799	-21.0387
-14.4526	4.39344
6.77704	-13.2006
-10.1073	-10.6968
-15.7114	-8.69736
-12.6341	5.29678
5.38789	-0.675239
2.14074	-2.31992
-6.3163	0.258477
3.37212	-2.39489
0.811268	-7.74221
-7.94706	-1.14626
2.1261	-1.7608
-1.28692	3.10743
4.71568	-0.00590544
-0.386848	-36.8231
-39.062	-12.7321
-13.2393	-13.1146
-7.32857	-9.8107
-10.1786	-7.29501
-1.18371	16.4403
1.01634	8.08282
-12.3435	-25.1981
-18.7378	-10.8567
-5.36477	-5.29517
-9.73443	7.15918
2.66055	-2.68779
0.481887	-0.875645
1.71335	-1.56041
-7.59172	-0.300007
-0.755633	-9.2381
-7.50403	-1.27696
-0.508788	-4.2095
-3.01514	0.660721
0.801334	-1.9731
-1.98633	-23.8453
-23.4425	-6.70288
-10.1134	-11.4248
-7.10855	-28.1144
-22.5497	13.9485
12.3731	2.27942
3.84369	-11.8074
-5.21549	-7.41777
-9.38095	-8.43168
-19.2602	-3.35313
-6.59091	0.800884
10.5558	5.22611
-2.85069	0.904329
-6.59266	0.720569
-0.43388	-3.70278
-7.16351	-0.112189
3.39195	-5.54606
-3.52652	-0.425818
-0.583169	-0.846714
-2.19798	-1.22729
-1.80942	-26.803
-26.3093	-6.55627
-8.01745	4.40338
5.20929	-16.1166
-13.7254	-3.89624
-2.84496	2.77924
1.29431	-4.68676
-18.5282	-6.40797
-9.66962	-17.1176
4.74343	5.00791
-6.16467	-14.2407
-5.0728	5.24221
10.7329	-7.79856
-0.616031	0.213499
4.25444	-4.13742
4.47086	-3.64166
-0.0210709	-1.84318
-0.287558	-0.904761
-0.0377035	-0.74077
-0.578156	2.99936
0.522602	-26.0237
-29.0341	-18.9605
-13.1374	-2.4318
1.90088	-7.31969
-5.40202	2.37724
